759,427
760,427
761,427
762,427
763,427
764,427
765,427
766,427
767,427
755,428
756,428
757,428
758,428
759,428
760,428
761,428
762,428
763,428
764,428
765,428
766,428
767,428
768,428
769,428
770,428
753,429
754,429
755,429
756,429
757,429
758,429
759,429
760,429
761,429
762,429
763,429
764,429
765,429
766,429
767,429
768,429
769,429
770,429
752,430
753,430
754,430
755,430
756,430
757,430
758,430
759,430
760,430
761,430
762,430
763,430
764,430
765,430
766,430
767,430
768,430
769,430
770,430
771,430
772,430
751,431
752,431
753,431
754,431
755,431
756,431
757,431
758,431
759,431
760,431
761,431
762,431
763,431
764,431
765,431
766,431
767,431
768,431
769,431
770,431
771,431
772,431
773,431
750,432
751,432
752,432
753,432
754,432
755,432
756,432
757,432
758,432
759,432
760,432
761,432
762,432
763,432
764,432
765,432
766,432
767,432
768,432
769,432
770,432
771,432
772,432
773,432
774,432
748,433
749,433
750,433
751,433
752,433
753,433
754,433
755,433
756,433
757,433
758,433
759,433
760,433
761,433
762,433
763,433
764,433
765,433
766,433
767,433
768,433
769,433
770,433
771,433
772,433
773,433
774,433
775,433
747,434
748,434
749,434
750,434
751,434
752,434
753,434
754,434
755,434
756,434
757,434
758,434
759,434
760,434
761,434
762,434
763,434
764,434
765,434
766,434
767,434
768,434
769,434
770,434
771,434
772,434
773,434
774,434
775,434
746,435
747,435
748,435
749,435
750,435
751,435
752,435
753,435
754,435
755,435
756,435
757,435
758,435
759,435
760,435
761,435
762,435
763,435
764,435
765,435
766,435
767,435
768,435
769,435
770,435
771,435
772,435
773,435
774,435
775,435
776,435
745,436
746,436
747,436
748,436
749,436
750,436
751,436
752,436
753,436
754,436
755,436
756,436
757,436
758,436
759,436
760,436
761,436
762,436
763,436
764,436
765,436
766,436
767,436
768,436
769,436
770,436
771,436
772,436
773,436
774,436
775,436
776,436
746,437
747,437
748,437
749,437
750,437
751,437
752,437
753,437
754,437
755,437
756,437
757,437
758,437
759,437
760,437
761,437
762,437
763,437
764,437
765,437
766,437
767,437
768,437
769,437
770,437
771,437
772,437
773,437
774,437
775,437
776,437
777,437
742,438
743,438
744,438
745,438
746,438
747,438
748,438
749,438
750,438
751,438
752,438
753,438
754,438
755,438
756,438
757,438
758,438
759,438
760,438
761,438
762,438
763,438
764,438
765,438
766,438
767,438
768,438
769,438
770,438
771,438
772,438
773,438
774,438
775,438
776,438
777,438
741,439
742,439
743,439
744,439
745,439
746,439
747,439
748,439
749,439
750,439
751,439
752,439
753,439
754,439
755,439
756,439
757,439
758,439
759,439
760,439
761,439
762,439
763,439
764,439
765,439
766,439
767,439
768,439
769,439
770,439
771,439
772,439
773,439
774,439
775,439
776,439
777,439
741,440
742,440
743,440
744,440
745,440
746,440
747,440
748,440
749,440
750,440
751,440
752,440
753,440
754,440
755,440
756,440
757,440
758,440
759,440
760,440
761,440
762,440
763,440
764,440
765,440
766,440
767,440
768,440
769,440
770,440
771,440
772,440
773,440
774,440
775,440
776,440
777,440
778,440
740,441
741,441
742,441
743,441
744,441
745,441
746,441
747,441
748,441
749,441
750,441
751,441
752,441
753,441
754,441
755,441
756,441
757,441
758,441
759,441
760,441
761,441
762,441
763,441
764,441
765,441
766,441
767,441
768,441
769,441
770,441
771,441
772,441
773,441
774,441
775,441
776,441
777,441
778,441
740,442
741,442
742,442
743,442
744,442
745,442
746,442
747,442
748,442
749,442
750,442
751,442
752,442
753,442
754,442
755,442
756,442
757,442
758,442
759,442
760,442
761,442
762,442
763,442
764,442
765,442
766,442
767,442
768,442
769,442
770,442
771,442
772,442
773,442
774,442
775,442
776,442
777,442
778,442
739,443
740,443
741,443
742,443
743,443
744,443
745,443
746,443
747,443
748,443
749,443
750,443
751,443
752,443
753,443
754,443
755,443
756,443
757,443
758,443
759,443
760,443
761,443
762,443
763,443
764,443
765,443
766,443
767,443
768,443
769,443
770,443
771,443
772,443
773,443
774,443
775,443
776,443
777,443
778,443
739,444
740,444
741,444
742,444
743,444
744,444
745,444
746,444
747,444
748,444
749,444
750,444
751,444
752,444
753,444
754,444
755,444
756,444
757,444
758,444
759,444
760,444
761,444
762,444
763,444
764,444
765,444
766,444
767,444
768,444
769,444
770,444
771,444
772,444
773,444
774,444
775,444
776,444
777,444
778,444
739,445
740,445
741,445
742,445
743,445
744,445
745,445
746,445
747,445
748,445
749,445
750,445
751,445
752,445
753,445
754,445
755,445
756,445
757,445
758,445
759,445
760,445
761,445
762,445
763,445
764,445
765,445
766,445
767,445
768,445
769,445
770,445
771,445
772,445
773,445
774,445
775,445
776,445
777,445
778,445
779,445
739,446
740,446
741,446
742,446
743,446
744,446
745,446
746,446
747,446
748,446
749,446
750,446
751,446
752,446
753,446
754,446
755,446
756,446
757,446
758,446
759,446
760,446
761,446
762,446
763,446
764,446
765,446
766,446
767,446
768,446
769,446
770,446
771,446
772,446
773,446
774,446
775,446
776,446
777,446
778,446
779,446
739,447
740,447
741,447
742,447
743,447
744,447
745,447
746,447
747,447
748,447
749,447
750,447
751,447
752,447
753,447
754,447
755,447
756,447
757,447
758,447
759,447
760,447
761,447
762,447
763,447
764,447
765,447
766,447
767,447
768,447
769,447
770,447
771,447
772,447
773,447
774,447
775,447
776,447
777,447
778,447
779,447
738,448
739,448
740,448
741,448
742,448
743,448
744,448
745,448
746,448
747,448
748,448
749,448
750,448
751,448
752,448
753,448
754,448
755,448
756,448
757,448
758,448
759,448
760,448
761,448
762,448
763,448
764,448
765,448
766,448
767,448
768,448
769,448
770,448
771,448
772,448
773,448
774,448
775,448
776,448
777,448
778,448
738,449
739,449
740,449
741,449
742,449
743,449
744,449
745,449
746,449
747,449
748,449
749,449
750,449
751,449
752,449
753,449
754,449
755,449
756,449
757,449
758,449
759,449
760,449
761,449
762,449
763,449
764,449
765,449
766,449
767,449
768,449
769,449
770,449
771,449
772,449
773,449
774,449
775,449
776,449
777,449
778,449
736,450
737,450
738,450
739,450
740,450
741,450
742,450
743,450
744,450
745,450
746,450
747,450
748,450
749,450
750,450
751,450
752,450
753,450
754,450
755,450
756,450
757,450
758,450
759,450
760,450
761,450
762,450
763,450
764,450
765,450
766,450
767,450
768,450
769,450
770,450
771,450
772,450
773,450
774,450
775,450
776,450
777,450
733,451
734,451
735,451
736,451
737,451
738,451
739,451
740,451
741,451
742,451
743,451
744,451
745,451
746,451
747,451
748,451
749,451
750,451
751,451
752,451
753,451
754,451
755,451
756,451
757,451
758,451
759,451
760,451
761,451
762,451
763,451
764,451
765,451
766,451
767,451
768,451
769,451
770,451
771,451
772,451
773,451
774,451
775,451
776,451
732,452
733,452
734,452
735,452
736,452
737,452
738,452
739,452
740,452
741,452
742,452
743,452
744,452
745,452
746,452
747,452
748,452
749,452
750,452
751,452
752,452
753,452
754,452
755,452
756,452
757,452
758,452
759,452
760,452
761,452
762,452
763,452
764,452
765,452
766,452
767,452
768,452
769,452
770,452
771,452
772,452
773,452
774,452
775,452
732,453
733,453
734,453
735,453
736,453
737,453
738,453
739,453
740,453
741,453
742,453
743,453
744,453
745,453
746,453
747,453
748,453
749,453
750,453
751,453
752,453
753,453
754,453
755,453
756,453
757,453
758,453
759,453
760,453
761,453
762,453
763,453
764,453
765,453
766,453
767,453
768,453
769,453
770,453
771,453
772,453
773,453
774,453
775,453
731,454
732,454
733,454
734,454
735,454
736,454
737,454
738,454
739,454
740,454
741,454
742,454
743,454
744,454
745,454
746,454
747,454
748,454
749,454
750,454
751,454
752,454
753,454
754,454
755,454
756,454
757,454
758,454
759,454
760,454
761,454
762,454
763,454
764,454
765,454
766,454
767,454
768,454
769,454
770,454
771,454
772,454
773,454
774,454
730,455
731,455
732,455
733,455
734,455
735,455
736,455
737,455
738,455
739,455
740,455
741,455
742,455
743,455
744,455
745,455
746,455
747,455
748,455
749,455
750,455
751,455
752,455
753,455
754,455
755,455
756,455
757,455
758,455
759,455
760,455
761,455
762,455
763,455
764,455
765,455
766,455
767,455
768,455
769,455
770,455
771,455
772,455
773,455
730,456
731,456
732,456
733,456
734,456
735,456
736,456
737,456
738,456
739,456
740,456
741,456
742,456
743,456
744,456
745,456
746,456
747,456
748,456
749,456
750,456
751,456
752,456
753,456
754,456
755,456
756,456
757,456
758,456
759,456
760,456
761,456
762,456
763,456
764,456
765,456
766,456
767,456
768,456
769,456
770,456
771,456
772,456
773,456
730,457
731,457
732,457
733,457
734,457
735,457
736,457
737,457
738,457
739,457
740,457
741,457
742,457
743,457
744,457
745,457
746,457
747,457
748,457
749,457
750,457
751,457
752,457
753,457
754,457
755,457
756,457
757,457
758,457
759,457
760,457
761,457
762,457
763,457
764,457
765,457
766,457
767,457
768,457
769,457
770,457
771,457
772,457
730,458
731,458
732,458
733,458
734,458
735,458
736,458
737,458
738,458
739,458
740,458
741,458
742,458
743,458
744,458
745,458
746,458
747,458
748,458
749,458
750,458
751,458
752,458
753,458
754,458
755,458
756,458
757,458
758,458
759,458
760,458
761,458
762,458
763,458
764,458
765,458
766,458
767,458
768,458
769,458
770,458
771,458
730,459
731,459
732,459
733,459
734,459
735,459
736,459
737,459
738,459
739,459
740,459
741,459
742,459
743,459
744,459
745,459
746,459
747,459
748,459
749,459
750,459
751,459
752,459
753,459
754,459
755,459
756,459
757,459
758,459
759,459
760,459
761,459
762,459
763,459
764,459
765,459
766,459
767,459
768,459
769,459
770,459
771,459
729,460
730,460
731,460
732,460
733,460
734,460
735,460
736,460
737,460
738,460
739,460
740,460
741,460
742,460
743,460
744,460
745,460
746,460
747,460
748,460
749,460
750,460
751,460
752,460
753,460
754,460
755,460
756,460
757,460
758,460
759,460
760,460
761,460
762,460
763,460
764,460
765,460
766,460
767,460
768,460
769,460
770,460
771,460
729,461
730,461
731,461
732,461
733,461
734,461
735,461
736,461
737,461
738,461
739,461
740,461
741,461
742,461
743,461
744,461
745,461
746,461
747,461
748,461
749,461
750,461
751,461
752,461
753,461
754,461
755,461
756,461
757,461
758,461
759,461
760,461
761,461
762,461
763,461
764,461
765,461
766,461
767,461
768,461
769,461
770,461
771,461
772,461
727,462
728,462
729,462
730,462
731,462
732,462
733,462
734,462
735,462
736,462
737,462
738,462
739,462
740,462
741,462
742,462
743,462
744,462
745,462
746,462
747,462
748,462
749,462
750,462
751,462
752,462
753,462
754,462
755,462
756,462
757,462
758,462
759,462
760,462
761,462
762,462
763,462
764,462
765,462
766,462
767,462
768,462
769,462
770,462
771,462
772,462
773,462
727,463
728,463
729,463
730,463
731,463
732,463
733,463
734,463
735,463
736,463
737,463
738,463
739,463
740,463
741,463
742,463
743,463
744,463
745,463
746,463
747,463
748,463
749,463
750,463
751,463
752,463
753,463
754,463
755,463
756,463
757,463
758,463
759,463
760,463
761,463
762,463
763,463
764,463
765,463
766,463
767,463
768,463
769,463
770,463
771,463
772,463
773,463
774,463
725,464
726,464
727,464
728,464
729,464
730,464
731,464
732,464
733,464
734,464
735,464
736,464
737,464
738,464
739,464
740,464
741,464
742,464
743,464
744,464
745,464
746,464
747,464
748,464
749,464
750,464
751,464
752,464
753,464
754,464
755,464
756,464
757,464
758,464
759,464
760,464
761,464
762,464
763,464
764,464
765,464
766,464
767,464
768,464
769,464
770,464
771,464
772,464
773,464
774,464
720,465
721,465
722,465
723,465
724,465
725,465
726,465
727,465
728,465
729,465
730,465
731,465
732,465
733,465
734,465
735,465
736,465
737,465
738,465
739,465
740,465
741,465
742,465
743,465
744,465
745,465
746,465
747,465
748,465
749,465
750,465
751,465
752,465
753,465
754,465
755,465
756,465
757,465
758,465
759,465
760,465
761,465
762,465
763,465
764,465
765,465
766,465
767,465
768,465
769,465
770,465
771,465
772,465
773,465
774,465
775,465
718,466
719,466
720,466
721,466
722,466
723,466
724,466
725,466
726,466
727,466
728,466
729,466
730,466
731,466
732,466
733,466
734,466
735,466
736,466
737,466
738,466
739,466
740,466
741,466
742,466
743,466
744,466
745,466
746,466
747,466
748,466
749,466
750,466
751,466
752,466
753,466
754,466
755,466
756,466
757,466
758,466
759,466
760,466
761,466
762,466
763,466
764,466
765,466
766,466
767,466
768,466
769,466
770,466
771,466
772,466
773,466
774,466
775,466
776,466
717,467
718,467
719,467
720,467
721,467
722,467
723,467
724,467
725,467
726,467
727,467
728,467
729,467
730,467
731,467
732,467
733,467
734,467
735,467
736,467
737,467
738,467
739,467
740,467
741,467
742,467
743,467
744,467
745,467
746,467
747,467
748,467
749,467
750,467
751,467
752,467
753,467
754,467
755,467
756,467
757,467
758,467
759,467
760,467
761,467
762,467
763,467
764,467
765,467
766,467
767,467
768,467
769,467
770,467
771,467
772,467
773,467
774,467
775,467
776,467
777,467
714,468
715,468
716,468
717,468
718,468
719,468
720,468
721,468
722,468
723,468
724,468
725,468
726,468
727,468
728,468
729,468
730,468
731,468
732,468
733,468
734,468
735,468
736,468
737,468
738,468
739,468
740,468
741,468
742,468
743,468
744,468
745,468
746,468
747,468
748,468
749,468
750,468
751,468
752,468
753,468
754,468
755,468
756,468
757,468
758,468
759,468
760,468
761,468
762,468
763,468
764,468
765,468
766,468
767,468
768,468
769,468
770,468
771,468
772,468
773,468
774,468
775,468
776,468
777,468
778,468
779,468
713,469
714,469
715,469
716,469
717,469
718,469
719,469
720,469
721,469
722,469
723,469
724,469
725,469
726,469
727,469
728,469
729,469
730,469
731,469
732,469
733,469
734,469
735,469
736,469
737,469
738,469
739,469
740,469
741,469
742,469
743,469
744,469
745,469
746,469
747,469
748,469
749,469
750,469
751,469
752,469
753,469
754,469
755,469
756,469
757,469
758,469
759,469
760,469
761,469
762,469
763,469
764,469
765,469
766,469
767,469
768,469
769,469
770,469
771,469
772,469
773,469
774,469
775,469
776,469
777,469
778,469
779,469
780,469
781,469
712,470
713,470
714,470
715,470
716,470
717,470
718,470
719,470
720,470
721,470
722,470
723,470
724,470
725,470
726,470
727,470
728,470
729,470
730,470
731,470
732,470
733,470
734,470
735,470
736,470
737,470
738,470
739,470
740,470
741,470
742,470
743,470
744,470
745,470
746,470
747,470
748,470
749,470
750,470
751,470
752,470
753,470
754,470
755,470
756,470
757,470
758,470
759,470
760,470
761,470
762,470
763,470
764,470
765,470
766,470
767,470
768,470
769,470
770,470
771,470
772,470
773,470
774,470
775,470
776,470
777,470
778,470
779,470
780,470
781,470
782,470
711,471
712,471
713,471
714,471
715,471
716,471
717,471
718,471
719,471
720,471
721,471
722,471
723,471
724,471
725,471
726,471
727,471
728,471
729,471
730,471
731,471
732,471
733,471
734,471
735,471
736,471
737,471
738,471
739,471
740,471
741,471
742,471
743,471
744,471
745,471
746,471
747,471
748,471
749,471
750,471
751,471
752,471
753,471
754,471
755,471
756,471
757,471
758,471
759,471
760,471
761,471
762,471
763,471
764,471
765,471
766,471
767,471
768,471
769,471
770,471
771,471
772,471
773,471
774,471
775,471
776,471
777,471
778,471
779,471
780,471
781,471
782,471
783,471
710,472
711,472
712,472
713,472
714,472
715,472
716,472
717,472
718,472
719,472
720,472
721,472
722,472
723,472
724,472
725,472
726,472
727,472
728,472
729,472
730,472
731,472
732,472
733,472
734,472
735,472
736,472
737,472
738,472
739,472
740,472
741,472
742,472
743,472
744,472
745,472
746,472
747,472
748,472
749,472
750,472
751,472
752,472
753,472
754,472
755,472
756,472
757,472
758,472
759,472
760,472
761,472
762,472
763,472
764,472
765,472
766,472
767,472
768,472
769,472
770,472
771,472
772,472
773,472
774,472
775,472
776,472
777,472
778,472
779,472
780,472
781,472
782,472
783,472
784,472
710,473
711,473
712,473
713,473
714,473
715,473
716,473
717,473
718,473
719,473
720,473
721,473
722,473
723,473
724,473
725,473
726,473
727,473
728,473
729,473
730,473
731,473
732,473
733,473
734,473
735,473
736,473
737,473
738,473
739,473
740,473
741,473
742,473
743,473
744,473
745,473
746,473
747,473
748,473
749,473
750,473
751,473
752,473
753,473
754,473
755,473
756,473
757,473
758,473
759,473
760,473
761,473
762,473
763,473
764,473
765,473
766,473
767,473
768,473
769,473
770,473
771,473
772,473
773,473
774,473
775,473
776,473
777,473
778,473
779,473
780,473
781,473
782,473
783,473
784,473
709,474
710,474
711,474
712,474
713,474
714,474
715,474
716,474
717,474
718,474
719,474
720,474
721,474
722,474
723,474
724,474
725,474
726,474
727,474
728,474
729,474
730,474
731,474
732,474
733,474
734,474
735,474
736,474
737,474
738,474
739,474
740,474
741,474
742,474
743,474
744,474
745,474
746,474
747,474
748,474
749,474
750,474
751,474
752,474
753,474
754,474
755,474
756,474
757,474
758,474
759,474
760,474
761,474
762,474
763,474
764,474
765,474
766,474
767,474
768,474
769,474
770,474
771,474
772,474
773,474
774,474
775,474
776,474
777,474
778,474
779,474
780,474
781,474
782,474
783,474
784,474
785,474
708,475
709,475
710,475
711,475
712,475
713,475
714,475
715,475
716,475
717,475
718,475
719,475
720,475
721,475
722,475
723,475
724,475
725,475
726,475
727,475
728,475
729,475
730,475
731,475
732,475
733,475
734,475
735,475
736,475
737,475
738,475
739,475
740,475
741,475
742,475
743,475
744,475
745,475
746,475
747,475
748,475
749,475
750,475
751,475
752,475
753,475
754,475
755,475
756,475
757,475
758,475
759,475
760,475
761,475
762,475
763,475
764,475
765,475
766,475
767,475
768,475
769,475
770,475
771,475
772,475
773,475
774,475
775,475
776,475
777,475
778,475
779,475
780,475
781,475
782,475
783,475
784,475
785,475
707,476
708,476
709,476
710,476
711,476
712,476
713,476
714,476
715,476
716,476
717,476
718,476
719,476
720,476
721,476
722,476
723,476
724,476
725,476
726,476
727,476
728,476
729,476
730,476
731,476
732,476
733,476
734,476
735,476
736,476
737,476
738,476
739,476
740,476
741,476
742,476
743,476
744,476
745,476
746,476
747,476
748,476
749,476
750,476
751,476
752,476
753,476
754,476
755,476
756,476
757,476
758,476
759,476
760,476
761,476
762,476
763,476
764,476
765,476
766,476
767,476
768,476
769,476
770,476
771,476
772,476
773,476
774,476
775,476
776,476
777,476
778,476
779,476
780,476
781,476
782,476
783,476
784,476
785,476
786,476
700,477
705,477
706,477
707,477
708,477
709,477
710,477
711,477
712,477
713,477
714,477
715,477
716,477
717,477
718,477
719,477
720,477
721,477
722,477
723,477
724,477
725,477
726,477
727,477
728,477
729,477
730,477
731,477
732,477
733,477
734,477
735,477
736,477
737,477
738,477
739,477
740,477
741,477
742,477
743,477
744,477
745,477
746,477
747,477
748,477
749,477
750,477
751,477
752,477
753,477
754,477
755,477
756,477
757,477
758,477
759,477
760,477
761,477
762,477
763,477
764,477
765,477
766,477
767,477
768,477
769,477
770,477
771,477
772,477
773,477
774,477
775,477
776,477
777,477
778,477
779,477
780,477
781,477
782,477
783,477
784,477
785,477
786,477
700,478
701,478
703,478
704,478
705,478
706,478
707,478
708,478
709,478
710,478
711,478
712,478
713,478
714,478
715,478
716,478
717,478
718,478
719,478
720,478
721,478
722,478
723,478
724,478
725,478
726,478
727,478
728,478
729,478
730,478
731,478
732,478
733,478
734,478
735,478
736,478
737,478
738,478
739,478
740,478
741,478
742,478
743,478
744,478
745,478
746,478
747,478
748,478
749,478
750,478
751,478
752,478
753,478
754,478
755,478
756,478
757,478
758,478
759,478
760,478
761,478
762,478
763,478
764,478
765,478
766,478
767,478
768,478
769,478
770,478
771,478
772,478
773,478
774,478
775,478
776,478
777,478
778,478
779,478
780,478
781,478
782,478
783,478
784,478
785,478
786,478
700,479
701,479
702,479
703,479
704,479
705,479
706,479
707,479
708,479
709,479
710,479
711,479
712,479
713,479
714,479
715,479
716,479
717,479
718,479
719,479
720,479
721,479
722,479
723,479
724,479
725,479
726,479
727,479
728,479
729,479
730,479
731,479
732,479
733,479
734,479
735,479
736,479
737,479
738,479
739,479
740,479
741,479
742,479
743,479
744,479
745,479
746,479
747,479
748,479
749,479
750,479
751,479
752,479
753,479
754,479
755,479
756,479
757,479
758,479
759,479
760,479
761,479
762,479
763,479
764,479
765,479
766,479
767,479
768,479
769,479
770,479
771,479
772,479
773,479
774,479
775,479
776,479
777,479
778,479
779,479
780,479
781,479
782,479
783,479
784,479
785,479
786,479
787,479
699,480
700,480
701,480
702,480
703,480
704,480
705,480
706,480
707,480
708,480
709,480
710,480
711,480
712,480
713,480
714,480
715,480
716,480
717,480
718,480
719,480
720,480
721,480
722,480
723,480
724,480
725,480
726,480
727,480
728,480
729,480
730,480
731,480
732,480
733,480
734,480
735,480
736,480
737,480
738,480
739,480
740,480
741,480
742,480
743,480
744,480
745,480
746,480
747,480
748,480
749,480
750,480
751,480
752,480
753,480
754,480
755,480
756,480
757,480
758,480
759,480
760,480
761,480
762,480
763,480
764,480
765,480
766,480
767,480
768,480
769,480
770,480
771,480
772,480
773,480
774,480
775,480
776,480
777,480
778,480
779,480
780,480
781,480
782,480
783,480
784,480
785,480
786,480
787,480
699,481
700,481
701,481
702,481
703,481
704,481
705,481
706,481
707,481
708,481
709,481
710,481
711,481
712,481
713,481
714,481
715,481
716,481
717,481
718,481
719,481
720,481
721,481
722,481
723,481
724,481
725,481
726,481
727,481
728,481
729,481
730,481
731,481
732,481
733,481
734,481
735,481
736,481
737,481
738,481
739,481
740,481
741,481
742,481
743,481
744,481
745,481
746,481
747,481
748,481
749,481
750,481
751,481
752,481
753,481
754,481
755,481
756,481
757,481
758,481
759,481
760,481
761,481
762,481
763,481
764,481
765,481
766,481
767,481
768,481
769,481
770,481
771,481
772,481
773,481
774,481
775,481
776,481
777,481
778,481
779,481
780,481
781,481
782,481
783,481
784,481
785,481
786,481
787,481
698,482
699,482
700,482
701,482
702,482
703,482
704,482
705,482
706,482
707,482
708,482
709,482
710,482
711,482
712,482
713,482
714,482
715,482
716,482
717,482
718,482
719,482
720,482
721,482
722,482
723,482
724,482
725,482
726,482
727,482
728,482
729,482
730,482
731,482
732,482
733,482
734,482
735,482
736,482
737,482
738,482
739,482
740,482
741,482
742,482
743,482
744,482
745,482
746,482
747,482
748,482
749,482
750,482
751,482
752,482
753,482
754,482
755,482
756,482
757,482
758,482
759,482
760,482
761,482
762,482
763,482
764,482
765,482
766,482
767,482
768,482
769,482
770,482
771,482
772,482
773,482
774,482
775,482
776,482
777,482
778,482
779,482
780,482
781,482
782,482
783,482
784,482
785,482
786,482
787,482
788,482
696,483
697,483
698,483
699,483
700,483
701,483
702,483
703,483
704,483
705,483
706,483
707,483
708,483
709,483
710,483
711,483
712,483
713,483
714,483
715,483
716,483
717,483
718,483
719,483
720,483
721,483
722,483
723,483
724,483
725,483
726,483
727,483
728,483
729,483
730,483
731,483
732,483
733,483
734,483
735,483
736,483
737,483
738,483
739,483
740,483
741,483
742,483
743,483
744,483
745,483
746,483
747,483
748,483
749,483
750,483
751,483
752,483
753,483
754,483
755,483
756,483
757,483
758,483
759,483
760,483
761,483
762,483
763,483
764,483
765,483
766,483
767,483
768,483
769,483
770,483
771,483
772,483
773,483
774,483
775,483
776,483
777,483
778,483
779,483
780,483
781,483
782,483
783,483
784,483
785,483
786,483
787,483
788,483
691,484
692,484
693,484
694,484
695,484
696,484
697,484
698,484
699,484
700,484
701,484
702,484
703,484
704,484
705,484
706,484
707,484
708,484
709,484
710,484
711,484
712,484
713,484
714,484
715,484
716,484
717,484
718,484
719,484
720,484
721,484
722,484
723,484
724,484
725,484
726,484
727,484
728,484
729,484
730,484
731,484
732,484
733,484
734,484
735,484
736,484
737,484
738,484
739,484
740,484
741,484
742,484
743,484
744,484
745,484
746,484
747,484
748,484
749,484
750,484
751,484
752,484
753,484
754,484
755,484
756,484
757,484
758,484
759,484
760,484
761,484
762,484
763,484
764,484
765,484
766,484
767,484
768,484
769,484
770,484
771,484
772,484
773,484
774,484
775,484
776,484
777,484
778,484
779,484
780,484
781,484
782,484
783,484
784,484
785,484
786,484
787,484
691,485
692,485
693,485
694,485
695,485
696,485
697,485
698,485
699,485
700,485
701,485
702,485
703,485
704,485
705,485
706,485
707,485
708,485
709,485
710,485
711,485
712,485
713,485
714,485
715,485
716,485
717,485
718,485
719,485
720,485
721,485
722,485
723,485
724,485
725,485
726,485
727,485
728,485
729,485
730,485
731,485
732,485
733,485
734,485
735,485
736,485
737,485
738,485
739,485
740,485
741,485
742,485
743,485
744,485
745,485
746,485
747,485
748,485
749,485
750,485
751,485
752,485
753,485
754,485
755,485
756,485
757,485
758,485
759,485
760,485
761,485
762,485
763,485
764,485
765,485
766,485
767,485
768,485
769,485
770,485
771,485
772,485
773,485
774,485
775,485
776,485
777,485
778,485
779,485
780,485
781,485
782,485
783,485
784,485
785,485
786,485
787,485
690,486
691,486
692,486
693,486
694,486
695,486
696,486
697,486
698,486
699,486
700,486
701,486
702,486
703,486
704,486
705,486
706,486
707,486
708,486
709,486
710,486
711,486
712,486
713,486
714,486
715,486
716,486
717,486
718,486
719,486
720,486
721,486
722,486
723,486
724,486
725,486
726,486
727,486
728,486
729,486
730,486
731,486
732,486
733,486
734,486
735,486
736,486
737,486
738,486
739,486
740,486
741,486
742,486
743,486
744,486
745,486
746,486
747,486
748,486
749,486
750,486
751,486
752,486
753,486
754,486
755,486
756,486
757,486
758,486
759,486
760,486
761,486
762,486
763,486
764,486
765,486
766,486
767,486
768,486
769,486
770,486
771,486
772,486
773,486
774,486
775,486
776,486
777,486
778,486
779,486
780,486
781,486
782,486
783,486
784,486
785,486
786,486
787,486
689,487
690,487
691,487
692,487
693,487
694,487
695,487
696,487
697,487
698,487
699,487
700,487
701,487
702,487
703,487
704,487
705,487
706,487
707,487
708,487
709,487
710,487
711,487
712,487
713,487
714,487
715,487
716,487
717,487
718,487
719,487
720,487
721,487
722,487
723,487
724,487
725,487
726,487
727,487
728,487
729,487
730,487
731,487
732,487
733,487
734,487
735,487
736,487
737,487
738,487
739,487
740,487
741,487
742,487
743,487
744,487
745,487
746,487
747,487
748,487
749,487
750,487
751,487
752,487
753,487
754,487
755,487
756,487
757,487
758,487
759,487
760,487
761,487
762,487
763,487
764,487
765,487
766,487
767,487
768,487
769,487
770,487
771,487
772,487
773,487
774,487
775,487
776,487
777,487
778,487
779,487
780,487
781,487
782,487
783,487
784,487
785,487
786,487
787,487
689,488
690,488
691,488
692,488
693,488
694,488
695,488
696,488
697,488
698,488
699,488
700,488
701,488
702,488
703,488
704,488
705,488
706,488
707,488
708,488
709,488
710,488
711,488
712,488
713,488
714,488
715,488
716,488
717,488
718,488
719,488
720,488
721,488
722,488
723,488
724,488
725,488
726,488
727,488
728,488
729,488
730,488
731,488
732,488
733,488
734,488
735,488
736,488
737,488
738,488
739,488
740,488
741,488
742,488
743,488
744,488
745,488
746,488
747,488
748,488
749,488
750,488
751,488
752,488
753,488
754,488
755,488
756,488
757,488
758,488
759,488
760,488
761,488
762,488
763,488
764,488
765,488
766,488
767,488
768,488
769,488
770,488
771,488
772,488
773,488
774,488
775,488
776,488
777,488
778,488
779,488
780,488
781,488
782,488
783,488
784,488
785,488
786,488
787,488
688,489
689,489
690,489
691,489
692,489
693,489
694,489
695,489
696,489
697,489
698,489
699,489
700,489
701,489
702,489
703,489
704,489
705,489
706,489
707,489
708,489
709,489
710,489
711,489
712,489
713,489
714,489
715,489
716,489
717,489
718,489
719,489
720,489
721,489
722,489
723,489
724,489
725,489
726,489
727,489
728,489
729,489
730,489
731,489
732,489
733,489
734,489
735,489
736,489
737,489
738,489
739,489
740,489
741,489
742,489
743,489
744,489
745,489
746,489
747,489
748,489
749,489
750,489
751,489
752,489
753,489
754,489
755,489
756,489
757,489
758,489
759,489
760,489
761,489
762,489
763,489
764,489
765,489
766,489
767,489
768,489
769,489
770,489
771,489
772,489
773,489
774,489
775,489
776,489
777,489
778,489
779,489
780,489
781,489
782,489
783,489
784,489
785,489
786,489
787,489
687,490
688,490
689,490
690,490
691,490
692,490
693,490
694,490
695,490
696,490
697,490
698,490
699,490
700,490
701,490
702,490
703,490
704,490
705,490
706,490
707,490
708,490
709,490
710,490
711,490
712,490
713,490
714,490
715,490
716,490
717,490
718,490
719,490
720,490
721,490
722,490
723,490
724,490
725,490
726,490
727,490
728,490
729,490
730,490
731,490
732,490
733,490
734,490
735,490
736,490
737,490
738,490
739,490
740,490
741,490
742,490
743,490
744,490
745,490
746,490
747,490
748,490
749,490
750,490
751,490
752,490
753,490
754,490
755,490
756,490
757,490
758,490
759,490
760,490
761,490
762,490
763,490
764,490
765,490
766,490
767,490
768,490
769,490
770,490
771,490
772,490
773,490
774,490
775,490
776,490
777,490
778,490
779,490
780,490
781,490
782,490
783,490
784,490
785,490
786,490
686,491
687,491
688,491
689,491
690,491
691,491
692,491
693,491
694,491
695,491
696,491
697,491
698,491
699,491
700,491
701,491
702,491
703,491
704,491
705,491
706,491
707,491
708,491
709,491
710,491
711,491
712,491
713,491
714,491
715,491
716,491
717,491
718,491
719,491
720,491
721,491
722,491
723,491
724,491
725,491
726,491
727,491
728,491
729,491
730,491
731,491
732,491
733,491
734,491
735,491
736,491
737,491
738,491
739,491
740,491
741,491
742,491
743,491
744,491
745,491
746,491
747,491
748,491
749,491
750,491
751,491
752,491
753,491
754,491
755,491
756,491
757,491
758,491
759,491
760,491
761,491
762,491
763,491
764,491
765,491
766,491
767,491
768,491
769,491
770,491
771,491
772,491
773,491
774,491
775,491
776,491
777,491
778,491
779,491
780,491
781,491
782,491
783,491
784,491
785,491
786,491
685,492
686,492
687,492
688,492
689,492
690,492
691,492
692,492
693,492
694,492
695,492
696,492
697,492
698,492
699,492
700,492
701,492
702,492
703,492
704,492
705,492
706,492
707,492
708,492
709,492
710,492
711,492
712,492
713,492
714,492
715,492
716,492
717,492
718,492
719,492
720,492
721,492
722,492
723,492
724,492
725,492
726,492
727,492
728,492
729,492
730,492
731,492
732,492
733,492
734,492
735,492
736,492
737,492
738,492
739,492
740,492
741,492
742,492
743,492
744,492
745,492
746,492
747,492
748,492
749,492
750,492
751,492
752,492
753,492
754,492
755,492
756,492
757,492
758,492
759,492
760,492
761,492
762,492
763,492
764,492
765,492
766,492
767,492
768,492
769,492
770,492
771,492
772,492
773,492
774,492
775,492
776,492
777,492
778,492
779,492
780,492
781,492
782,492
783,492
784,492
785,492
786,492
685,493
686,493
687,493
688,493
689,493
690,493
691,493
692,493
693,493
694,493
695,493
696,493
697,493
698,493
699,493
700,493
701,493
702,493
703,493
704,493
705,493
706,493
707,493
708,493
709,493
710,493
711,493
712,493
713,493
714,493
715,493
716,493
717,493
718,493
719,493
720,493
721,493
722,493
723,493
724,493
725,493
726,493
727,493
728,493
729,493
730,493
731,493
732,493
733,493
734,493
735,493
736,493
737,493
738,493
739,493
740,493
741,493
742,493
743,493
744,493
745,493
746,493
747,493
748,493
749,493
750,493
751,493
752,493
753,493
754,493
755,493
756,493
757,493
758,493
759,493
760,493
761,493
762,493
763,493
764,493
765,493
766,493
767,493
768,493
769,493
770,493
771,493
772,493
773,493
774,493
775,493
776,493
777,493
778,493
779,493
780,493
781,493
782,493
783,493
784,493
785,493
684,494
685,494
686,494
687,494
688,494
689,494
690,494
691,494
692,494
693,494
694,494
695,494
696,494
697,494
698,494
699,494
700,494
701,494
702,494
703,494
704,494
705,494
706,494
707,494
708,494
709,494
710,494
711,494
712,494
713,494
714,494
715,494
716,494
717,494
718,494
719,494
720,494
721,494
722,494
723,494
724,494
725,494
726,494
727,494
728,494
729,494
730,494
731,494
732,494
733,494
734,494
735,494
736,494
737,494
738,494
739,494
740,494
741,494
742,494
743,494
744,494
745,494
746,494
747,494
748,494
749,494
750,494
751,494
752,494
753,494
754,494
755,494
756,494
757,494
758,494
759,494
760,494
761,494
762,494
763,494
764,494
765,494
766,494
767,494
768,494
769,494
770,494
771,494
772,494
773,494
774,494
775,494
776,494
777,494
778,494
779,494
780,494
781,494
782,494
783,494
784,494
785,494
683,495
684,495
685,495
686,495
687,495
688,495
689,495
690,495
691,495
692,495
693,495
694,495
695,495
696,495
697,495
698,495
699,495
700,495
701,495
702,495
703,495
704,495
705,495
706,495
707,495
708,495
709,495
710,495
711,495
712,495
713,495
714,495
715,495
716,495
717,495
718,495
719,495
720,495
721,495
722,495
723,495
724,495
725,495
726,495
727,495
728,495
729,495
730,495
731,495
732,495
733,495
734,495
735,495
736,495
737,495
738,495
739,495
740,495
741,495
742,495
743,495
744,495
745,495
746,495
747,495
748,495
749,495
750,495
751,495
752,495
753,495
754,495
755,495
756,495
757,495
758,495
759,495
760,495
761,495
762,495
763,495
764,495
765,495
766,495
767,495
768,495
769,495
770,495
771,495
772,495
773,495
774,495
775,495
776,495
777,495
778,495
779,495
780,495
781,495
782,495
783,495
784,495
682,496
683,496
684,496
685,496
686,496
687,496
688,496
689,496
690,496
691,496
692,496
693,496
694,496
695,496
696,496
697,496
698,496
699,496
700,496
701,496
702,496
703,496
704,496
705,496
706,496
707,496
708,496
709,496
710,496
711,496
712,496
713,496
714,496
715,496
716,496
717,496
718,496
719,496
720,496
721,496
722,496
723,496
724,496
725,496
726,496
727,496
728,496
729,496
730,496
731,496
732,496
733,496
734,496
735,496
736,496
737,496
738,496
739,496
740,496
741,496
742,496
743,496
744,496
745,496
746,496
747,496
748,496
749,496
750,496
751,496
752,496
753,496
754,496
755,496
756,496
757,496
758,496
759,496
760,496
761,496
762,496
763,496
764,496
765,496
766,496
767,496
768,496
769,496
770,496
771,496
772,496
773,496
774,496
775,496
776,496
777,496
778,496
779,496
780,496
781,496
782,496
783,496
784,496
682,497
683,497
684,497
685,497
686,497
687,497
688,497
689,497
690,497
691,497
692,497
693,497
694,497
695,497
696,497
697,497
698,497
699,497
700,497
701,497
702,497
703,497
704,497
705,497
706,497
707,497
708,497
709,497
710,497
711,497
712,497
713,497
714,497
715,497
716,497
717,497
718,497
719,497
720,497
721,497
722,497
723,497
724,497
725,497
726,497
727,497
728,497
729,497
730,497
731,497
732,497
733,497
734,497
735,497
736,497
737,497
738,497
739,497
740,497
741,497
742,497
743,497
744,497
745,497
746,497
747,497
748,497
749,497
750,497
751,497
752,497
753,497
754,497
755,497
756,497
757,497
758,497
759,497
760,497
761,497
762,497
763,497
764,497
765,497
766,497
767,497
768,497
769,497
770,497
771,497
772,497
773,497
774,497
775,497
776,497
777,497
778,497
779,497
780,497
781,497
782,497
783,497
784,497
681,498
682,498
683,498
684,498
685,498
686,498
687,498
688,498
689,498
690,498
691,498
692,498
693,498
694,498
695,498
696,498
697,498
698,498
699,498
700,498
701,498
702,498
703,498
704,498
705,498
706,498
707,498
708,498
709,498
710,498
711,498
712,498
713,498
714,498
715,498
716,498
717,498
718,498
719,498
720,498
721,498
722,498
723,498
724,498
725,498
726,498
727,498
728,498
729,498
730,498
731,498
732,498
733,498
734,498
735,498
736,498
737,498
738,498
739,498
740,498
741,498
742,498
743,498
744,498
745,498
746,498
747,498
748,498
749,498
750,498
751,498
752,498
753,498
754,498
755,498
756,498
757,498
758,498
759,498
760,498
761,498
762,498
763,498
764,498
765,498
766,498
767,498
768,498
769,498
770,498
771,498
772,498
773,498
774,498
775,498
776,498
777,498
778,498
779,498
780,498
781,498
782,498
783,498
784,498
681,499
682,499
683,499
684,499
685,499
686,499
687,499
688,499
689,499
690,499
691,499
692,499
693,499
694,499
695,499
696,499
697,499
698,499
699,499
700,499
701,499
702,499
703,499
704,499
705,499
706,499
707,499
708,499
709,499
710,499
711,499
712,499
713,499
714,499
715,499
716,499
717,499
718,499
719,499
720,499
721,499
722,499
723,499
724,499
725,499
726,499
727,499
728,499
729,499
730,499
731,499
732,499
733,499
734,499
735,499
736,499
737,499
738,499
739,499
740,499
741,499
742,499
743,499
744,499
745,499
746,499
747,499
748,499
749,499
750,499
751,499
752,499
753,499
754,499
755,499
756,499
757,499
758,499
759,499
760,499
761,499
762,499
763,499
764,499
765,499
766,499
767,499
768,499
769,499
770,499
771,499
772,499
773,499
774,499
775,499
776,499
777,499
778,499
779,499
780,499
781,499
782,499
783,499
784,499
681,500
682,500
683,500
684,500
685,500
686,500
687,500
688,500
689,500
690,500
691,500
692,500
693,500
694,500
695,500
696,500
697,500
698,500
699,500
700,500
701,500
702,500
703,500
704,500
705,500
706,500
707,500
708,500
709,500
710,500
711,500
712,500
713,500
714,500
715,500
716,500
717,500
718,500
719,500
720,500
721,500
722,500
723,500
724,500
725,500
726,500
727,500
728,500
729,500
730,500
731,500
732,500
733,500
734,500
735,500
736,500
737,500
738,500
739,500
740,500
741,500
742,500
743,500
744,500
745,500
746,500
747,500
748,500
749,500
750,500
751,500
752,500
753,500
754,500
755,500
756,500
757,500
758,500
759,500
760,500
761,500
762,500
763,500
764,500
765,500
766,500
767,500
768,500
769,500
770,500
771,500
772,500
773,500
774,500
775,500
776,500
777,500
778,500
779,500
780,500
781,500
782,500
783,500
784,500
681,501
682,501
683,501
684,501
685,501
686,501
687,501
688,501
689,501
690,501
691,501
692,501
693,501
694,501
695,501
696,501
697,501
698,501
699,501
700,501
701,501
702,501
703,501
704,501
705,501
706,501
707,501
708,501
709,501
710,501
711,501
712,501
713,501
714,501
715,501
716,501
717,501
718,501
719,501
720,501
721,501
722,501
723,501
724,501
725,501
726,501
727,501
728,501
729,501
730,501
731,501
732,501
733,501
734,501
735,501
736,501
737,501
738,501
739,501
740,501
741,501
742,501
743,501
744,501
745,501
746,501
747,501
748,501
749,501
750,501
751,501
752,501
753,501
754,501
755,501
756,501
757,501
758,501
759,501
760,501
761,501
762,501
763,501
764,501
765,501
766,501
767,501
768,501
769,501
770,501
771,501
772,501
773,501
774,501
775,501
776,501
777,501
778,501
779,501
780,501
781,501
782,501
783,501
784,501
680,502
681,502
682,502
683,502
684,502
685,502
686,502
687,502
688,502
689,502
690,502
691,502
692,502
693,502
694,502
695,502
696,502
697,502
698,502
699,502
700,502
701,502
702,502
703,502
704,502
705,502
706,502
707,502
708,502
709,502
710,502
711,502
712,502
713,502
714,502
715,502
716,502
717,502
718,502
719,502
720,502
721,502
722,502
723,502
724,502
725,502
726,502
727,502
728,502
729,502
730,502
731,502
732,502
733,502
734,502
735,502
736,502
737,502
738,502
739,502
740,502
741,502
742,502
743,502
744,502
745,502
746,502
747,502
748,502
749,502
750,502
751,502
752,502
753,502
754,502
755,502
756,502
757,502
758,502
759,502
760,502
761,502
762,502
763,502
764,502
765,502
766,502
767,502
768,502
769,502
770,502
771,502
772,502
773,502
774,502
775,502
776,502
777,502
778,502
779,502
780,502
781,502
782,502
783,502
784,502
680,503
681,503
682,503
683,503
684,503
685,503
686,503
687,503
688,503
689,503
690,503
691,503
692,503
693,503
694,503
695,503
696,503
697,503
698,503
699,503
700,503
701,503
702,503
703,503
704,503
705,503
706,503
707,503
708,503
709,503
710,503
711,503
712,503
713,503
714,503
715,503
716,503
717,503
718,503
719,503
720,503
721,503
722,503
723,503
724,503
725,503
726,503
727,503
728,503
729,503
730,503
731,503
732,503
733,503
734,503
735,503
736,503
737,503
738,503
739,503
740,503
741,503
742,503
743,503
744,503
745,503
746,503
747,503
748,503
749,503
750,503
751,503
752,503
753,503
754,503
755,503
756,503
757,503
758,503
759,503
760,503
761,503
762,503
763,503
764,503
765,503
766,503
767,503
768,503
769,503
770,503
771,503
772,503
773,503
774,503
775,503
776,503
777,503
778,503
779,503
780,503
781,503
782,503
783,503
784,503
680,504
681,504
682,504
683,504
684,504
685,504
686,504
687,504
688,504
689,504
690,504
691,504
692,504
693,504
694,504
695,504
696,504
697,504
698,504
699,504
700,504
701,504
702,504
703,504
704,504
705,504
706,504
707,504
708,504
709,504
710,504
711,504
712,504
713,504
714,504
715,504
716,504
717,504
718,504
719,504
720,504
721,504
722,504
723,504
724,504
725,504
726,504
727,504
728,504
729,504
730,504
731,504
732,504
733,504
734,504
735,504
736,504
737,504
738,504
739,504
740,504
741,504
742,504
743,504
744,504
745,504
746,504
747,504
748,504
749,504
750,504
751,504
752,504
753,504
754,504
755,504
756,504
757,504
758,504
759,504
760,504
761,504
762,504
763,504
764,504
765,504
766,504
767,504
768,504
769,504
770,504
771,504
772,504
773,504
774,504
775,504
776,504
777,504
778,504
779,504
780,504
781,504
782,504
783,504
784,504
680,505
681,505
682,505
683,505
684,505
685,505
686,505
687,505
688,505
689,505
690,505
691,505
692,505
693,505
694,505
695,505
696,505
697,505
698,505
699,505
700,505
701,505
702,505
703,505
704,505
705,505
706,505
707,505
708,505
709,505
710,505
711,505
712,505
713,505
714,505
715,505
716,505
717,505
718,505
719,505
720,505
721,505
722,505
723,505
724,505
725,505
726,505
727,505
728,505
729,505
730,505
731,505
732,505
733,505
734,505
735,505
736,505
737,505
738,505
739,505
740,505
741,505
742,505
743,505
744,505
745,505
746,505
747,505
748,505
749,505
750,505
751,505
752,505
753,505
754,505
755,505
756,505
757,505
758,505
759,505
760,505
761,505
762,505
763,505
764,505
765,505
766,505
767,505
768,505
769,505
770,505
771,505
772,505
773,505
774,505
775,505
776,505
777,505
778,505
779,505
780,505
781,505
782,505
783,505
784,505
680,506
681,506
682,506
683,506
684,506
685,506
686,506
687,506
688,506
689,506
690,506
691,506
692,506
693,506
694,506
695,506
696,506
697,506
698,506
699,506
700,506
701,506
702,506
703,506
704,506
705,506
706,506
707,506
708,506
709,506
710,506
711,506
712,506
713,506
714,506
715,506
716,506
717,506
718,506
719,506
720,506
721,506
722,506
723,506
724,506
725,506
726,506
727,506
728,506
729,506
730,506
731,506
732,506
733,506
734,506
735,506
736,506
737,506
738,506
739,506
740,506
741,506
742,506
743,506
744,506
745,506
746,506
747,506
748,506
749,506
750,506
751,506
752,506
753,506
754,506
755,506
756,506
757,506
758,506
759,506
760,506
761,506
762,506
763,506
764,506
765,506
766,506
767,506
768,506
769,506
770,506
771,506
772,506
773,506
774,506
775,506
776,506
777,506
778,506
779,506
780,506
781,506
782,506
783,506
784,506
785,506
680,507
681,507
682,507
683,507
684,507
685,507
686,507
687,507
688,507
689,507
690,507
691,507
692,507
693,507
694,507
695,507
696,507
697,507
698,507
699,507
700,507
701,507
702,507
703,507
704,507
705,507
706,507
707,507
708,507
709,507
710,507
711,507
712,507
713,507
714,507
715,507
716,507
717,507
718,507
719,507
720,507
721,507
722,507
723,507
724,507
725,507
726,507
727,507
728,507
729,507
730,507
731,507
732,507
733,507
734,507
735,507
736,507
737,507
738,507
739,507
740,507
741,507
742,507
743,507
744,507
745,507
746,507
747,507
748,507
749,507
750,507
751,507
752,507
753,507
754,507
755,507
756,507
757,507
758,507
759,507
760,507
761,507
762,507
763,507
764,507
765,507
766,507
767,507
768,507
769,507
770,507
771,507
772,507
773,507
774,507
775,507
776,507
777,507
778,507
779,507
780,507
781,507
782,507
783,507
784,507
785,507
680,508
681,508
682,508
683,508
684,508
685,508
686,508
687,508
688,508
689,508
690,508
691,508
692,508
693,508
694,508
695,508
696,508
697,508
698,508
699,508
700,508
701,508
702,508
703,508
704,508
705,508
706,508
707,508
708,508
709,508
710,508
711,508
712,508
713,508
714,508
715,508
716,508
717,508
718,508
719,508
720,508
721,508
722,508
723,508
724,508
725,508
726,508
727,508
728,508
729,508
730,508
731,508
732,508
733,508
734,508
735,508
736,508
737,508
738,508
739,508
740,508
741,508
742,508
743,508
744,508
745,508
746,508
747,508
748,508
749,508
750,508
751,508
752,508
753,508
754,508
755,508
756,508
757,508
758,508
759,508
760,508
761,508
762,508
763,508
764,508
765,508
766,508
767,508
768,508
769,508
770,508
771,508
772,508
773,508
774,508
775,508
776,508
777,508
778,508
779,508
780,508
781,508
782,508
783,508
784,508
785,508
679,509
680,509
681,509
682,509
683,509
684,509
685,509
686,509
687,509
688,509
689,509
690,509
691,509
692,509
693,509
694,509
695,509
696,509
697,509
698,509
699,509
700,509
701,509
702,509
703,509
704,509
705,509
706,509
707,509
708,509
709,509
710,509
711,509
712,509
713,509
714,509
715,509
716,509
717,509
718,509
719,509
720,509
721,509
722,509
723,509
724,509
725,509
726,509
727,509
728,509
729,509
730,509
731,509
732,509
733,509
734,509
735,509
736,509
737,509
738,509
739,509
740,509
741,509
742,509
743,509
744,509
745,509
746,509
747,509
748,509
749,509
750,509
751,509
752,509
753,509
754,509
755,509
756,509
757,509
758,509
759,509
760,509
761,509
762,509
763,509
764,509
765,509
766,509
767,509
768,509
769,509
770,509
771,509
772,509
773,509
774,509
775,509
776,509
777,509
778,509
779,509
780,509
781,509
782,509
783,509
784,509
785,509
679,510
680,510
681,510
682,510
683,510
684,510
685,510
686,510
687,510
688,510
689,510
690,510
691,510
692,510
693,510
694,510
695,510
696,510
697,510
698,510
699,510
700,510
701,510
702,510
703,510
704,510
705,510
706,510
707,510
708,510
709,510
710,510
711,510
712,510
713,510
714,510
715,510
716,510
717,510
718,510
719,510
720,510
721,510
722,510
723,510
724,510
725,510
726,510
727,510
728,510
729,510
730,510
731,510
732,510
733,510
734,510
735,510
736,510
737,510
738,510
739,510
740,510
741,510
742,510
743,510
744,510
745,510
746,510
747,510
748,510
749,510
750,510
751,510
752,510
753,510
754,510
755,510
756,510
757,510
758,510
759,510
760,510
761,510
762,510
763,510
764,510
765,510
766,510
767,510
768,510
769,510
770,510
771,510
772,510
773,510
774,510
775,510
776,510
777,510
778,510
779,510
780,510
781,510
782,510
783,510
784,510
785,510
679,511
680,511
681,511
682,511
683,511
684,511
685,511
686,511
687,511
688,511
689,511
690,511
691,511
692,511
693,511
694,511
695,511
696,511
697,511
698,511
699,511
700,511
701,511
702,511
703,511
704,511
705,511
706,511
707,511
708,511
709,511
710,511
711,511
712,511
713,511
714,511
715,511
716,511
717,511
718,511
719,511
720,511
721,511
722,511
723,511
724,511
725,511
726,511
727,511
728,511
729,511
730,511
731,511
732,511
733,511
734,511
735,511
736,511
737,511
738,511
739,511
740,511
741,511
742,511
743,511
744,511
745,511
746,511
747,511
748,511
749,511
750,511
751,511
752,511
753,511
754,511
755,511
756,511
757,511
758,511
759,511
760,511
761,511
762,511
763,511
764,511
765,511
766,511
767,511
768,511
769,511
770,511
771,511
772,511
773,511
774,511
775,511
776,511
777,511
778,511
779,511
780,511
781,511
782,511
783,511
784,511
785,511
679,512
680,512
681,512
682,512
683,512
684,512
685,512
686,512
687,512
688,512
689,512
690,512
691,512
692,512
693,512
694,512
695,512
696,512
697,512
698,512
699,512
700,512
701,512
702,512
703,512
704,512
705,512
706,512
707,512
708,512
709,512
710,512
711,512
712,512
713,512
714,512
715,512
716,512
717,512
718,512
719,512
720,512
721,512
722,512
723,512
724,512
725,512
726,512
727,512
728,512
729,512
730,512
731,512
732,512
733,512
734,512
735,512
736,512
737,512
738,512
739,512
740,512
741,512
742,512
743,512
744,512
745,512
746,512
747,512
748,512
749,512
750,512
751,512
752,512
753,512
754,512
755,512
756,512
757,512
758,512
759,512
760,512
761,512
762,512
763,512
764,512
765,512
766,512
767,512
768,512
769,512
770,512
771,512
772,512
773,512
774,512
775,512
776,512
777,512
778,512
779,512
780,512
781,512
782,512
783,512
784,512
785,512
786,512
678,513
679,513
680,513
681,513
682,513
683,513
684,513
685,513
686,513
687,513
688,513
689,513
690,513
691,513
692,513
693,513
694,513
695,513
696,513
697,513
698,513
699,513
700,513
701,513
702,513
703,513
704,513
705,513
706,513
707,513
708,513
709,513
710,513
711,513
712,513
713,513
714,513
715,513
716,513
717,513
718,513
719,513
720,513
721,513
722,513
723,513
724,513
725,513
726,513
727,513
728,513
729,513
730,513
731,513
732,513
733,513
734,513
735,513
736,513
737,513
738,513
739,513
740,513
741,513
742,513
743,513
744,513
745,513
746,513
747,513
748,513
749,513
750,513
751,513
752,513
753,513
754,513
755,513
756,513
757,513
758,513
759,513
760,513
761,513
762,513
763,513
764,513
765,513
766,513
767,513
768,513
769,513
770,513
771,513
772,513
773,513
774,513
775,513
776,513
777,513
778,513
779,513
780,513
781,513
782,513
783,513
784,513
785,513
786,513
678,514
679,514
680,514
681,514
682,514
683,514
684,514
685,514
686,514
687,514
688,514
689,514
690,514
691,514
692,514
693,514
694,514
695,514
696,514
697,514
698,514
699,514
700,514
701,514
702,514
703,514
704,514
705,514
706,514
707,514
708,514
709,514
710,514
711,514
712,514
713,514
714,514
715,514
716,514
717,514
718,514
719,514
720,514
721,514
722,514
723,514
724,514
725,514
726,514
727,514
728,514
729,514
730,514
731,514
732,514
733,514
734,514
735,514
736,514
737,514
738,514
739,514
740,514
741,514
742,514
743,514
744,514
745,514
746,514
747,514
748,514
749,514
750,514
751,514
752,514
753,514
754,514
755,514
756,514
757,514
758,514
759,514
760,514
761,514
762,514
763,514
764,514
765,514
766,514
767,514
768,514
769,514
770,514
771,514
772,514
773,514
774,514
775,514
776,514
777,514
778,514
779,514
780,514
781,514
782,514
783,514
784,514
785,514
786,514
678,515
679,515
680,515
681,515
682,515
683,515
684,515
685,515
686,515
687,515
688,515
689,515
690,515
691,515
692,515
693,515
694,515
695,515
696,515
697,515
698,515
699,515
700,515
701,515
702,515
703,515
704,515
705,515
706,515
707,515
708,515
709,515
710,515
711,515
712,515
713,515
714,515
715,515
716,515
717,515
718,515
719,515
720,515
721,515
722,515
723,515
724,515
725,515
726,515
727,515
728,515
729,515
730,515
731,515
732,515
733,515
734,515
735,515
736,515
737,515
738,515
739,515
740,515
741,515
742,515
743,515
744,515
745,515
746,515
747,515
748,515
749,515
750,515
751,515
752,515
753,515
754,515
755,515
756,515
757,515
758,515
759,515
760,515
761,515
762,515
763,515
764,515
765,515
766,515
767,515
768,515
769,515
770,515
771,515
772,515
773,515
774,515
775,515
776,515
777,515
778,515
779,515
780,515
781,515
782,515
783,515
784,515
785,515
786,515
678,516
679,516
680,516
681,516
682,516
683,516
684,516
685,516
686,516
687,516
688,516
689,516
690,516
691,516
692,516
693,516
694,516
695,516
696,516
697,516
698,516
699,516
700,516
701,516
702,516
703,516
704,516
705,516
706,516
707,516
708,516
709,516
710,516
711,516
712,516
713,516
714,516
715,516
716,516
717,516
718,516
719,516
720,516
721,516
722,516
723,516
724,516
725,516
726,516
727,516
728,516
729,516
730,516
731,516
732,516
733,516
734,516
735,516
736,516
737,516
738,516
739,516
740,516
741,516
742,516
743,516
744,516
745,516
746,516
747,516
748,516
749,516
750,516
751,516
752,516
753,516
754,516
755,516
756,516
757,516
758,516
759,516
760,516
761,516
762,516
763,516
764,516
765,516
766,516
767,516
768,516
769,516
770,516
771,516
772,516
773,516
774,516
775,516
776,516
777,516
778,516
779,516
780,516
781,516
782,516
783,516
784,516
785,516
786,516
677,517
678,517
679,517
680,517
681,517
682,517
683,517
684,517
685,517
686,517
687,517
688,517
689,517
690,517
691,517
692,517
693,517
694,517
695,517
696,517
697,517
698,517
699,517
700,517
701,517
702,517
703,517
704,517
705,517
706,517
707,517
708,517
709,517
710,517
711,517
712,517
713,517
714,517
715,517
716,517
717,517
718,517
719,517
720,517
721,517
722,517
723,517
724,517
725,517
726,517
727,517
728,517
729,517
730,517
731,517
732,517
733,517
734,517
735,517
736,517
737,517
738,517
739,517
740,517
741,517
742,517
743,517
744,517
745,517
746,517
747,517
748,517
749,517
750,517
751,517
752,517
753,517
754,517
755,517
756,517
757,517
758,517
759,517
760,517
761,517
762,517
763,517
764,517
765,517
766,517
767,517
768,517
769,517
770,517
771,517
772,517
773,517
774,517
775,517
776,517
777,517
778,517
779,517
780,517
781,517
782,517
783,517
784,517
785,517
786,517
787,517
677,518
678,518
679,518
680,518
681,518
682,518
683,518
684,518
685,518
686,518
687,518
688,518
689,518
690,518
691,518
692,518
693,518
694,518
695,518
696,518
697,518
698,518
699,518
700,518
701,518
702,518
703,518
704,518
705,518
706,518
707,518
708,518
709,518
710,518
711,518
712,518
713,518
714,518
715,518
716,518
717,518
718,518
719,518
720,518
721,518
722,518
723,518
724,518
725,518
726,518
727,518
728,518
729,518
730,518
731,518
732,518
733,518
734,518
735,518
736,518
737,518
738,518
739,518
740,518
741,518
742,518
743,518
744,518
745,518
746,518
747,518
748,518
749,518
750,518
751,518
752,518
753,518
754,518
755,518
756,518
757,518
758,518
759,518
760,518
761,518
762,518
763,518
764,518
765,518
766,518
767,518
768,518
769,518
770,518
771,518
772,518
773,518
774,518
775,518
776,518
777,518
778,518
779,518
780,518
781,518
782,518
783,518
784,518
785,518
786,518
787,518
677,519
678,519
679,519
680,519
681,519
682,519
683,519
684,519
685,519
686,519
687,519
688,519
689,519
690,519
691,519
692,519
693,519
694,519
695,519
696,519
697,519
698,519
699,519
700,519
701,519
702,519
703,519
704,519
705,519
706,519
707,519
708,519
709,519
710,519
711,519
712,519
713,519
714,519
715,519
716,519
717,519
718,519
719,519
720,519
721,519
722,519
723,519
724,519
725,519
726,519
727,519
728,519
729,519
730,519
731,519
732,519
733,519
734,519
735,519
736,519
737,519
738,519
739,519
740,519
741,519
742,519
743,519
744,519
745,519
746,519
747,519
748,519
749,519
750,519
751,519
752,519
753,519
754,519
755,519
756,519
757,519
758,519
759,519
760,519
761,519
762,519
763,519
764,519
765,519
766,519
767,519
768,519
769,519
770,519
771,519
772,519
773,519
774,519
775,519
776,519
777,519
778,519
779,519
780,519
781,519
782,519
783,519
784,519
785,519
786,519
787,519
788,519
676,520
677,520
678,520
679,520
680,520
681,520
682,520
683,520
684,520
685,520
686,520
687,520
688,520
689,520
690,520
691,520
692,520
693,520
694,520
695,520
696,520
697,520
698,520
699,520
700,520
701,520
702,520
703,520
704,520
705,520
706,520
707,520
708,520
709,520
710,520
711,520
712,520
713,520
714,520
715,520
716,520
717,520
718,520
719,520
720,520
721,520
722,520
723,520
724,520
725,520
726,520
727,520
728,520
729,520
730,520
731,520
732,520
733,520
734,520
735,520
736,520
737,520
738,520
739,520
740,520
741,520
742,520
743,520
744,520
745,520
746,520
747,520
748,520
749,520
750,520
751,520
752,520
753,520
754,520
755,520
756,520
757,520
758,520
759,520
760,520
761,520
762,520
763,520
764,520
765,520
766,520
767,520
768,520
769,520
770,520
771,520
772,520
773,520
774,520
775,520
776,520
777,520
778,520
779,520
780,520
781,520
782,520
783,520
784,520
785,520
786,520
787,520
788,520
676,521
677,521
678,521
679,521
680,521
681,521
682,521
683,521
684,521
685,521
686,521
687,521
688,521
689,521
690,521
691,521
692,521
693,521
694,521
695,521
696,521
697,521
698,521
699,521
700,521
701,521
702,521
703,521
704,521
705,521
706,521
707,521
708,521
709,521
710,521
711,521
712,521
713,521
714,521
715,521
716,521
717,521
718,521
719,521
720,521
721,521
722,521
723,521
724,521
725,521
726,521
727,521
728,521
729,521
730,521
731,521
732,521
733,521
734,521
735,521
736,521
737,521
738,521
739,521
740,521
741,521
742,521
743,521
744,521
745,521
746,521
747,521
748,521
749,521
750,521
751,521
752,521
753,521
754,521
755,521
756,521
757,521
758,521
759,521
760,521
761,521
762,521
763,521
764,521
765,521
766,521
767,521
768,521
769,521
770,521
771,521
772,521
773,521
774,521
775,521
776,521
777,521
778,521
779,521
780,521
781,521
782,521
783,521
784,521
785,521
786,521
787,521
788,521
676,522
677,522
678,522
679,522
680,522
681,522
682,522
683,522
684,522
685,522
686,522
687,522
688,522
689,522
690,522
691,522
692,522
693,522
694,522
695,522
696,522
697,522
698,522
699,522
700,522
701,522
702,522
703,522
704,522
705,522
706,522
707,522
708,522
709,522
710,522
711,522
712,522
713,522
714,522
715,522
716,522
717,522
718,522
719,522
720,522
721,522
722,522
723,522
724,522
725,522
726,522
727,522
728,522
729,522
730,522
731,522
732,522
733,522
734,522
735,522
736,522
737,522
738,522
739,522
740,522
741,522
742,522
743,522
744,522
745,522
746,522
747,522
748,522
749,522
750,522
751,522
752,522
753,522
754,522
755,522
756,522
757,522
758,522
759,522
760,522
761,522
762,522
763,522
764,522
765,522
766,522
767,522
768,522
769,522
770,522
771,522
772,522
773,522
774,522
775,522
776,522
777,522
778,522
779,522
780,522
781,522
782,522
783,522
784,522
785,522
786,522
787,522
788,522
676,523
677,523
678,523
679,523
680,523
681,523
682,523
683,523
684,523
685,523
686,523
687,523
688,523
689,523
690,523
691,523
692,523
693,523
694,523
695,523
696,523
697,523
698,523
699,523
700,523
701,523
702,523
703,523
704,523
705,523
706,523
707,523
708,523
709,523
710,523
711,523
712,523
713,523
714,523
715,523
716,523
717,523
718,523
719,523
720,523
721,523
722,523
723,523
724,523
725,523
726,523
727,523
728,523
729,523
730,523
731,523
732,523
733,523
734,523
735,523
736,523
737,523
738,523
739,523
740,523
741,523
742,523
743,523
744,523
745,523
746,523
747,523
748,523
749,523
750,523
751,523
752,523
753,523
754,523
755,523
756,523
757,523
758,523
759,523
760,523
761,523
762,523
763,523
764,523
765,523
766,523
767,523
768,523
769,523
770,523
771,523
772,523
773,523
774,523
775,523
776,523
777,523
778,523
779,523
780,523
781,523
782,523
783,523
784,523
785,523
786,523
787,523
788,523
676,524
677,524
678,524
679,524
680,524
681,524
682,524
683,524
684,524
685,524
686,524
687,524
688,524
689,524
690,524
691,524
692,524
693,524
694,524
695,524
696,524
697,524
698,524
699,524
700,524
701,524
702,524
703,524
704,524
705,524
706,524
707,524
708,524
709,524
710,524
711,524
712,524
713,524
714,524
715,524
716,524
717,524
718,524
719,524
720,524
721,524
722,524
723,524
724,524
725,524
726,524
727,524
728,524
729,524
730,524
731,524
732,524
733,524
734,524
735,524
736,524
737,524
738,524
739,524
740,524
741,524
742,524
743,524
744,524
745,524
746,524
747,524
748,524
749,524
750,524
751,524
752,524
753,524
754,524
755,524
756,524
757,524
758,524
759,524
760,524
761,524
762,524
763,524
764,524
765,524
766,524
767,524
768,524
769,524
770,524
771,524
772,524
773,524
774,524
775,524
776,524
777,524
778,524
779,524
780,524
781,524
782,524
783,524
784,524
785,524
786,524
787,524
788,524
676,525
677,525
678,525
679,525
680,525
681,525
682,525
683,525
684,525
685,525
686,525
687,525
688,525
689,525
690,525
691,525
692,525
693,525
694,525
695,525
696,525
697,525
698,525
699,525
700,525
701,525
702,525
703,525
704,525
705,525
706,525
707,525
708,525
709,525
710,525
711,525
712,525
713,525
714,525
715,525
716,525
717,525
718,525
719,525
720,525
721,525
722,525
723,525
724,525
725,525
726,525
727,525
728,525
729,525
730,525
731,525
732,525
733,525
734,525
735,525
736,525
737,525
738,525
739,525
740,525
741,525
742,525
743,525
744,525
745,525
746,525
747,525
748,525
749,525
750,525
751,525
752,525
753,525
754,525
755,525
756,525
757,525
758,525
759,525
760,525
761,525
762,525
763,525
764,525
765,525
766,525
767,525
768,525
769,525
770,525
771,525
772,525
773,525
774,525
775,525
776,525
777,525
778,525
779,525
780,525
781,525
782,525
783,525
784,525
785,525
786,525
787,525
788,525
676,526
677,526
678,526
679,526
680,526
681,526
682,526
683,526
684,526
685,526
686,526
687,526
688,526
689,526
690,526
691,526
692,526
693,526
694,526
695,526
696,526
697,526
698,526
699,526
700,526
701,526
702,526
703,526
704,526
705,526
706,526
707,526
708,526
709,526
710,526
711,526
712,526
713,526
714,526
715,526
716,526
717,526
718,526
719,526
720,526
721,526
722,526
723,526
724,526
725,526
726,526
727,526
728,526
729,526
730,526
731,526
732,526
733,526
734,526
735,526
736,526
737,526
738,526
739,526
740,526
741,526
742,526
743,526
744,526
745,526
746,526
747,526
748,526
749,526
750,526
751,526
752,526
753,526
754,526
755,526
756,526
757,526
758,526
759,526
760,526
761,526
762,526
763,526
764,526
765,526
766,526
767,526
768,526
769,526
770,526
771,526
772,526
773,526
774,526
775,526
776,526
777,526
778,526
779,526
780,526
781,526
782,526
783,526
784,526
785,526
786,526
787,526
676,527
677,527
678,527
679,527
680,527
681,527
682,527
683,527
684,527
685,527
686,527
687,527
688,527
689,527
690,527
691,527
692,527
693,527
694,527
695,527
696,527
697,527
698,527
699,527
700,527
701,527
702,527
703,527
704,527
705,527
706,527
707,527
708,527
709,527
710,527
711,527
712,527
713,527
714,527
715,527
716,527
717,527
718,527
719,527
720,527
721,527
722,527
723,527
724,527
725,527
726,527
727,527
728,527
729,527
730,527
731,527
732,527
733,527
734,527
735,527
736,527
737,527
738,527
739,527
740,527
741,527
742,527
743,527
744,527
745,527
746,527
747,527
748,527
749,527
750,527
751,527
752,527
753,527
754,527
755,527
756,527
757,527
758,527
759,527
760,527
761,527
762,527
763,527
764,527
765,527
766,527
767,527
768,527
769,527
770,527
771,527
772,527
773,527
774,527
775,527
776,527
777,527
778,527
779,527
780,527
781,527
782,527
783,527
784,527
785,527
786,527
787,527
676,528
677,528
678,528
679,528
680,528
681,528
682,528
683,528
684,528
685,528
686,528
687,528
688,528
689,528
690,528
691,528
692,528
693,528
694,528
695,528
696,528
697,528
698,528
699,528
700,528
701,528
702,528
703,528
704,528
705,528
706,528
707,528
708,528
709,528
710,528
711,528
712,528
713,528
714,528
715,528
716,528
717,528
718,528
719,528
720,528
721,528
722,528
723,528
724,528
725,528
726,528
727,528
728,528
729,528
730,528
731,528
732,528
733,528
734,528
735,528
736,528
737,528
738,528
739,528
740,528
741,528
742,528
743,528
744,528
745,528
746,528
747,528
748,528
749,528
750,528
751,528
752,528
753,528
754,528
755,528
756,528
757,528
758,528
759,528
760,528
761,528
762,528
763,528
764,528
765,528
766,528
767,528
768,528
769,528
770,528
771,528
772,528
773,528
774,528
775,528
776,528
777,528
778,528
779,528
780,528
781,528
782,528
783,528
784,528
785,528
786,528
787,528
676,529
677,529
678,529
679,529
680,529
681,529
682,529
683,529
684,529
685,529
686,529
687,529
688,529
689,529
690,529
691,529
692,529
693,529
694,529
695,529
696,529
697,529
698,529
699,529
700,529
701,529
702,529
703,529
704,529
705,529
706,529
707,529
708,529
709,529
710,529
711,529
712,529
713,529
714,529
715,529
716,529
717,529
718,529
719,529
720,529
721,529
722,529
723,529
724,529
725,529
726,529
727,529
728,529
729,529
730,529
731,529
732,529
733,529
734,529
735,529
736,529
737,529
738,529
739,529
740,529
741,529
742,529
743,529
744,529
745,529
746,529
747,529
748,529
749,529
750,529
751,529
752,529
753,529
754,529
755,529
756,529
757,529
758,529
759,529
760,529
761,529
762,529
763,529
764,529
765,529
766,529
767,529
768,529
769,529
770,529
771,529
772,529
773,529
774,529
775,529
776,529
777,529
778,529
779,529
780,529
781,529
782,529
783,529
784,529
785,529
786,529
787,529
676,530
677,530
678,530
679,530
680,530
681,530
682,530
683,530
684,530
685,530
686,530
687,530
688,530
689,530
690,530
691,530
692,530
693,530
694,530
695,530
696,530
697,530
698,530
699,530
700,530
701,530
702,530
703,530
704,530
705,530
706,530
707,530
708,530
709,530
710,530
711,530
712,530
713,530
714,530
715,530
716,530
717,530
718,530
719,530
720,530
721,530
722,530
723,530
724,530
725,530
726,530
727,530
728,530
729,530
730,530
731,530
732,530
733,530
734,530
735,530
736,530
737,530
738,530
739,530
740,530
741,530
742,530
743,530
744,530
745,530
746,530
747,530
748,530
749,530
750,530
751,530
752,530
753,530
754,530
755,530
756,530
757,530
758,530
759,530
760,530
761,530
762,530
763,530
764,530
765,530
766,530
767,530
768,530
769,530
770,530
771,530
772,530
773,530
774,530
775,530
776,530
777,530
778,530
779,530
780,530
781,530
782,530
783,530
784,530
785,530
786,530
787,530
677,531
678,531
679,531
680,531
681,531
682,531
683,531
684,531
685,531
686,531
687,531
688,531
689,531
690,531
691,531
692,531
693,531
694,531
695,531
696,531
697,531
698,531
699,531
700,531
701,531
702,531
703,531
704,531
705,531
706,531
707,531
708,531
709,531
710,531
711,531
712,531
713,531
714,531
715,531
716,531
717,531
718,531
719,531
720,531
721,531
722,531
723,531
724,531
725,531
726,531
727,531
728,531
729,531
730,531
731,531
732,531
733,531
734,531
735,531
736,531
737,531
738,531
739,531
740,531
741,531
742,531
743,531
744,531
745,531
746,531
747,531
748,531
749,531
750,531
751,531
752,531
753,531
754,531
755,531
756,531
757,531
758,531
759,531
760,531
761,531
762,531
763,531
764,531
765,531
766,531
767,531
768,531
769,531
770,531
771,531
772,531
773,531
774,531
775,531
776,531
777,531
778,531
779,531
780,531
781,531
782,531
783,531
784,531
785,531
677,532
678,532
679,532
680,532
681,532
682,532
683,532
684,532
685,532
686,532
687,532
688,532
689,532
690,532
691,532
692,532
693,532
694,532
695,532
696,532
697,532
698,532
699,532
700,532
701,532
702,532
703,532
704,532
705,532
706,532
707,532
708,532
709,532
710,532
711,532
712,532
713,532
714,532
715,532
716,532
717,532
718,532
719,532
720,532
721,532
722,532
723,532
724,532
725,532
726,532
727,532
728,532
729,532
730,532
731,532
732,532
733,532
734,532
735,532
736,532
737,532
738,532
739,532
740,532
741,532
742,532
743,532
744,532
745,532
746,532
747,532
748,532
749,532
750,532
751,532
752,532
753,532
754,532
755,532
756,532
757,532
758,532
759,532
760,532
761,532
762,532
763,532
764,532
765,532
766,532
767,532
768,532
769,532
770,532
771,532
772,532
773,532
774,532
775,532
776,532
777,532
778,532
779,532
780,532
781,532
782,532
783,532
784,532
785,532
678,533
679,533
680,533
681,533
682,533
683,533
684,533
685,533
686,533
687,533
688,533
689,533
690,533
691,533
692,533
693,533
694,533
695,533
696,533
697,533
698,533
699,533
700,533
701,533
702,533
703,533
704,533
705,533
706,533
707,533
708,533
709,533
710,533
711,533
712,533
713,533
714,533
715,533
716,533
717,533
718,533
719,533
720,533
721,533
722,533
723,533
724,533
725,533
726,533
727,533
728,533
729,533
730,533
731,533
732,533
733,533
734,533
735,533
736,533
737,533
738,533
739,533
740,533
741,533
742,533
743,533
744,533
745,533
746,533
747,533
748,533
749,533
750,533
751,533
752,533
753,533
754,533
755,533
756,533
757,533
758,533
759,533
760,533
761,533
762,533
763,533
764,533
765,533
766,533
767,533
768,533
769,533
770,533
771,533
772,533
773,533
774,533
775,533
776,533
777,533
778,533
779,533
780,533
781,533
782,533
783,533
679,534
680,534
681,534
682,534
683,534
684,534
685,534
686,534
687,534
688,534
689,534
690,534
691,534
692,534
693,534
694,534
695,534
696,534
697,534
698,534
699,534
700,534
701,534
702,534
703,534
704,534
705,534
706,534
707,534
708,534
709,534
710,534
711,534
712,534
713,534
714,534
715,534
716,534
717,534
718,534
719,534
720,534
721,534
722,534
723,534
724,534
725,534
726,534
727,534
728,534
729,534
730,534
731,534
732,534
733,534
734,534
735,534
736,534
737,534
738,534
739,534
740,534
741,534
742,534
743,534
744,534
745,534
746,534
747,534
748,534
749,534
750,534
751,534
752,534
753,534
754,534
755,534
756,534
757,534
758,534
759,534
760,534
761,534
762,534
763,534
764,534
765,534
766,534
767,534
768,534
769,534
770,534
771,534
772,534
773,534
774,534
775,534
776,534
777,534
778,534
779,534
780,534
781,534
782,534
679,535
680,535
681,535
682,535
683,535
684,535
685,535
686,535
687,535
688,535
689,535
690,535
691,535
692,535
693,535
694,535
695,535
696,535
697,535
698,535
699,535
700,535
701,535
702,535
703,535
704,535
705,535
706,535
707,535
708,535
709,535
710,535
711,535
712,535
713,535
714,535
715,535
716,535
717,535
718,535
719,535
720,535
721,535
722,535
723,535
724,535
725,535
726,535
727,535
728,535
729,535
730,535
731,535
732,535
733,535
734,535
735,535
736,535
737,535
738,535
739,535
740,535
741,535
742,535
743,535
744,535
745,535
746,535
747,535
748,535
749,535
750,535
751,535
752,535
753,535
754,535
755,535
756,535
757,535
758,535
759,535
760,535
761,535
762,535
763,535
764,535
765,535
766,535
767,535
768,535
769,535
770,535
771,535
772,535
773,535
774,535
775,535
776,535
777,535
778,535
779,535
780,535
680,536
681,536
682,536
683,536
684,536
685,536
686,536
687,536
688,536
689,536
690,536
691,536
692,536
693,536
694,536
695,536
696,536
697,536
698,536
699,536
700,536
701,536
702,536
703,536
704,536
705,536
706,536
707,536
708,536
709,536
710,536
711,536
712,536
713,536
714,536
715,536
716,536
717,536
718,536
719,536
720,536
721,536
722,536
723,536
724,536
725,536
726,536
727,536
728,536
729,536
730,536
731,536
732,536
733,536
734,536
735,536
736,536
737,536
738,536
739,536
740,536
741,536
742,536
743,536
744,536
745,536
746,536
747,536
748,536
749,536
750,536
751,536
752,536
753,536
754,536
755,536
756,536
757,536
758,536
759,536
760,536
761,536
762,536
763,536
764,536
765,536
766,536
767,536
768,536
769,536
770,536
771,536
772,536
773,536
774,536
779,536
680,537
681,537
682,537
683,537
684,537
685,537
686,537
687,537
688,537
689,537
690,537
691,537
692,537
693,537
694,537
695,537
696,537
697,537
698,537
699,537
700,537
701,537
702,537
703,537
704,537
705,537
706,537
707,537
708,537
709,537
710,537
711,537
712,537
713,537
714,537
715,537
716,537
717,537
718,537
719,537
720,537
721,537
722,537
723,537
724,537
725,537
726,537
727,537
728,537
729,537
730,537
731,537
732,537
733,537
734,537
735,537
736,537
737,537
738,537
739,537
740,537
741,537
742,537
743,537
744,537
745,537
746,537
747,537
748,537
749,537
750,537
751,537
752,537
753,537
754,537
755,537
756,537
757,537
758,537
759,537
760,537
761,537
762,537
763,537
764,537
765,537
766,537
767,537
768,537
769,537
770,537
771,537
772,537
773,537
680,538
681,538
682,538
683,538
684,538
685,538
686,538
687,538
688,538
689,538
690,538
691,538
692,538
693,538
694,538
695,538
696,538
697,538
698,538
699,538
700,538
701,538
702,538
703,538
704,538
705,538
706,538
707,538
708,538
709,538
710,538
711,538
712,538
713,538
714,538
715,538
716,538
717,538
718,538
719,538
720,538
721,538
722,538
723,538
724,538
725,538
726,538
727,538
728,538
729,538
730,538
731,538
732,538
733,538
734,538
735,538
736,538
737,538
738,538
739,538
740,538
741,538
742,538
743,538
744,538
745,538
746,538
747,538
748,538
749,538
750,538
751,538
752,538
753,538
754,538
755,538
756,538
757,538
758,538
759,538
760,538
761,538
762,538
763,538
764,538
765,538
766,538
767,538
768,538
769,538
770,538
771,538
772,538
773,538
681,539
682,539
683,539
684,539
685,539
686,539
687,539
688,539
689,539
690,539
691,539
692,539
693,539
694,539
695,539
696,539
697,539
698,539
699,539
700,539
701,539
702,539
703,539
704,539
705,539
706,539
707,539
708,539
709,539
710,539
711,539
712,539
713,539
714,539
715,539
716,539
717,539
718,539
719,539
720,539
721,539
722,539
723,539
724,539
725,539
726,539
727,539
728,539
729,539
730,539
731,539
732,539
733,539
734,539
735,539
736,539
737,539
738,539
739,539
740,539
741,539
742,539
743,539
744,539
745,539
746,539
747,539
748,539
749,539
750,539
751,539
752,539
753,539
754,539
755,539
756,539
761,539
762,539
763,539
764,539
765,539
766,539
767,539
768,539
769,539
770,539
771,539
681,540
682,540
683,540
684,540
685,540
686,540
687,540
688,540
689,540
690,540
691,540
692,540
693,540
694,540
695,540
696,540
697,540
698,540
699,540
700,540
701,540
702,540
703,540
704,540
705,540
706,540
707,540
708,540
709,540
710,540
711,540
712,540
713,540
714,540
715,540
716,540
717,540
718,540
719,540
720,540
721,540
722,540
723,540
724,540
725,540
726,540
727,540
728,540
729,540
730,540
731,540
732,540
733,540
734,540
735,540
736,540
737,540
738,540
739,540
740,540
741,540
742,540
743,540
744,540
745,540
746,540
747,540
748,540
749,540
750,540
751,540
752,540
753,540
754,540
763,540
764,540
765,540
766,540
767,540
768,540
769,540
770,540
682,541
683,541
684,541
685,541
686,541
687,541
688,541
689,541
690,541
691,541
692,541
693,541
694,541
695,541
696,541
697,541
698,541
699,541
700,541
701,541
702,541
703,541
704,541
705,541
706,541
707,541
708,541
709,541
710,541
711,541
712,541
713,541
714,541
715,541
716,541
717,541
718,541
719,541
720,541
721,541
722,541
723,541
724,541
725,541
726,541
727,541
728,541
729,541
730,541
731,541
732,541
733,541
734,541
735,541
736,541
737,541
738,541
739,541
740,541
741,541
742,541
743,541
744,541
745,541
746,541
747,541
748,541
749,541
750,541
751,541
752,541
753,541
766,541
767,541
768,541
769,541
682,542
683,542
684,542
685,542
686,542
687,542
688,542
689,542
690,542
691,542
692,542
693,542
694,542
695,542
696,542
697,542
698,542
699,542
700,542
701,542
702,542
703,542
704,542
705,542
706,542
707,542
708,542
709,542
710,542
711,542
712,542
713,542
714,542
715,542
716,542
717,542
718,542
719,542
720,542
721,542
722,542
723,542
724,542
725,542
726,542
727,542
728,542
729,542
730,542
731,542
732,542
733,542
734,542
735,542
736,542
737,542
738,542
739,542
740,542
741,542
742,542
743,542
744,542
745,542
746,542
747,542
748,542
749,542
750,542
751,542
752,542
683,543
684,543
685,543
686,543
687,543
688,543
689,543
690,543
691,543
692,543
693,543
694,543
695,543
696,543
697,543
698,543
699,543
700,543
701,543
702,543
703,543
704,543
705,543
706,543
707,543
708,543
709,543
710,543
711,543
712,543
713,543
714,543
715,543
716,543
717,543
718,543
719,543
720,543
721,543
722,543
723,543
724,543
725,543
726,543
727,543
728,543
729,543
730,543
731,543
732,543
733,543
734,543
735,543
736,543
737,543
738,543
739,543
740,543
741,543
742,543
743,543
744,543
745,543
746,543
747,543
748,543
749,543
750,543
751,543
752,543
683,544
684,544
685,544
686,544
687,544
688,544
689,544
690,544
691,544
692,544
693,544
694,544
695,544
696,544
697,544
698,544
699,544
700,544
701,544
702,544
703,544
704,544
705,544
706,544
707,544
708,544
709,544
710,544
711,544
712,544
713,544
714,544
715,544
716,544
717,544
718,544
719,544
720,544
721,544
722,544
723,544
724,544
725,544
726,544
727,544
728,544
729,544
730,544
731,544
732,544
733,544
734,544
735,544
736,544
737,544
738,544
739,544
740,544
741,544
742,544
743,544
744,544
745,544
746,544
747,544
748,544
749,544
750,544
751,544
683,545
684,545
685,545
686,545
687,545
688,545
689,545
690,545
691,545
692,545
693,545
694,545
695,545
696,545
697,545
698,545
699,545
700,545
701,545
702,545
703,545
704,545
705,545
706,545
707,545
708,545
709,545
710,545
711,545
712,545
713,545
714,545
715,545
716,545
717,545
718,545
719,545
720,545
721,545
722,545
723,545
724,545
725,545
726,545
727,545
728,545
729,545
730,545
731,545
732,545
733,545
734,545
735,545
736,545
737,545
738,545
739,545
740,545
741,545
742,545
743,545
744,545
745,545
746,545
747,545
748,545
749,545
684,546
685,546
686,546
687,546
688,546
689,546
690,546
691,546
692,546
693,546
694,546
695,546
696,546
697,546
698,546
699,546
700,546
701,546
702,546
703,546
704,546
705,546
706,546
707,546
708,546
709,546
710,546
711,546
712,546
713,546
714,546
715,546
716,546
717,546
718,546
719,546
720,546
721,546
722,546
723,546
724,546
725,546
726,546
727,546
728,546
729,546
730,546
731,546
732,546
733,546
734,546
735,546
736,546
737,546
738,546
739,546
740,546
741,546
742,546
743,546
744,546
745,546
746,546
747,546
748,546
684,547
685,547
686,547
687,547
688,547
689,547
690,547
691,547
692,547
693,547
694,547
695,547
696,547
697,547
698,547
699,547
700,547
701,547
702,547
703,547
704,547
705,547
706,547
707,547
708,547
709,547
710,547
711,547
712,547
713,547
714,547
715,547
716,547
717,547
718,547
719,547
720,547
721,547
722,547
723,547
724,547
725,547
726,547
727,547
728,547
729,547
730,547
731,547
732,547
733,547
734,547
735,547
736,547
737,547
738,547
739,547
740,547
741,547
742,547
743,547
744,547
745,547
746,547
747,547
748,547
685,548
686,548
687,548
688,548
689,548
690,548
691,548
692,548
693,548
694,548
695,548
696,548
697,548
698,548
699,548
700,548
701,548
702,548
703,548
704,548
705,548
706,548
707,548
708,548
709,548
710,548
711,548
712,548
713,548
714,548
715,548
716,548
717,548
718,548
719,548
720,548
721,548
722,548
723,548
724,548
725,548
726,548
727,548
728,548
729,548
730,548
731,548
732,548
733,548
734,548
735,548
736,548
737,548
738,548
739,548
740,548
741,548
742,548
743,548
744,548
745,548
746,548
747,548
748,548
749,548
685,549
686,549
687,549
688,549
689,549
690,549
691,549
692,549
693,549
694,549
695,549
696,549
697,549
698,549
699,549
700,549
701,549
702,549
703,549
704,549
705,549
706,549
707,549
708,549
709,549
710,549
711,549
712,549
713,549
714,549
715,549
716,549
717,549
718,549
719,549
720,549
721,549
722,549
723,549
724,549
725,549
726,549
727,549
728,549
729,549
730,549
731,549
732,549
733,549
734,549
735,549
736,549
737,549
738,549
739,549
740,549
741,549
742,549
743,549
744,549
745,549
746,549
747,549
748,549
749,549
686,550
687,550
688,550
689,550
690,550
691,550
692,550
693,550
694,550
695,550
696,550
697,550
698,550
699,550
700,550
701,550
702,550
703,550
704,550
705,550
706,550
707,550
708,550
709,550
710,550
711,550
712,550
713,550
714,550
715,550
716,550
717,550
718,550
719,550
720,550
721,550
722,550
723,550
724,550
725,550
726,550
727,550
728,550
729,550
730,550
731,550
732,550
733,550
734,550
735,550
736,550
737,550
738,550
739,550
740,550
741,550
742,550
743,550
744,550
745,550
746,550
747,550
748,550
749,550
750,550
751,550
686,551
687,551
688,551
689,551
690,551
691,551
692,551
693,551
694,551
695,551
696,551
697,551
698,551
699,551
700,551
701,551
702,551
703,551
704,551
705,551
706,551
707,551
708,551
709,551
710,551
711,551
712,551
713,551
714,551
715,551
716,551
717,551
718,551
719,551
720,551
721,551
722,551
723,551
724,551
725,551
726,551
727,551
728,551
729,551
730,551
731,551
732,551
733,551
734,551
735,551
736,551
737,551
738,551
739,551
740,551
741,551
742,551
743,551
744,551
745,551
746,551
747,551
748,551
749,551
750,551
751,551
752,551
686,552
687,552
688,552
689,552
690,552
691,552
692,552
693,552
694,552
695,552
696,552
697,552
698,552
699,552
700,552
701,552
702,552
703,552
704,552
705,552
706,552
707,552
708,552
709,552
710,552
711,552
712,552
713,552
714,552
715,552
716,552
717,552
718,552
719,552
720,552
721,552
722,552
723,552
724,552
725,552
726,552
727,552
728,552
729,552
730,552
731,552
732,552
733,552
734,552
735,552
736,552
737,552
738,552
739,552
740,552
741,552
742,552
743,552
744,552
745,552
746,552
747,552
748,552
749,552
750,552
751,552
752,552
753,552
687,553
688,553
689,553
690,553
691,553
692,553
693,553
694,553
695,553
696,553
697,553
698,553
699,553
700,553
701,553
702,553
703,553
704,553
705,553
706,553
707,553
708,553
709,553
710,553
711,553
712,553
713,553
714,553
715,553
716,553
717,553
718,553
719,553
720,553
721,553
722,553
723,553
724,553
725,553
726,553
727,553
728,553
729,553
730,553
731,553
732,553
733,553
734,553
735,553
736,553
737,553
738,553
739,553
740,553
741,553
742,553
743,553
744,553
745,553
746,553
747,553
748,553
749,553
750,553
751,553
752,553
687,554
688,554
689,554
690,554
691,554
692,554
693,554
694,554
695,554
696,554
697,554
698,554
699,554
700,554
701,554
702,554
703,554
704,554
705,554
706,554
707,554
708,554
709,554
710,554
711,554
712,554
713,554
714,554
715,554
716,554
717,554
718,554
719,554
720,554
721,554
722,554
723,554
724,554
725,554
726,554
727,554
728,554
729,554
730,554
731,554
732,554
733,554
734,554
735,554
736,554
737,554
738,554
739,554
740,554
741,554
742,554
743,554
744,554
745,554
746,554
747,554
748,554
749,554
750,554
751,554
688,555
689,555
690,555
691,555
692,555
693,555
694,555
695,555
696,555
697,555
698,555
699,555
700,555
701,555
702,555
703,555
704,555
705,555
706,555
707,555
708,555
709,555
710,555
711,555
712,555
713,555
714,555
715,555
716,555
717,555
718,555
719,555
720,555
721,555
722,555
723,555
724,555
725,555
726,555
727,555
728,555
729,555
730,555
731,555
732,555
733,555
734,555
735,555
736,555
737,555
738,555
739,555
740,555
741,555
742,555
743,555
744,555
745,555
746,555
747,555
748,555
749,555
750,555
751,555
689,556
690,556
691,556
692,556
693,556
694,556
695,556
696,556
697,556
698,556
699,556
700,556
701,556
702,556
703,556
704,556
705,556
706,556
707,556
708,556
709,556
710,556
711,556
712,556
713,556
714,556
715,556
716,556
717,556
718,556
719,556
720,556
721,556
722,556
723,556
724,556
725,556
726,556
727,556
728,556
729,556
730,556
731,556
732,556
733,556
734,556
735,556
738,556
739,556
740,556
741,556
742,556
743,556
744,556
745,556
746,556
747,556
748,556
749,556
750,556
751,556
690,557
691,557
692,557
693,557
694,557
695,557
696,557
697,557
698,557
699,557
700,557
701,557
702,557
703,557
704,557
705,557
706,557
707,557
708,557
709,557
710,557
711,557
712,557
713,557
714,557
715,557
716,557
717,557
718,557
719,557
720,557
721,557
722,557
723,557
724,557
725,557
726,557
727,557
728,557
729,557
730,557
731,557
732,557
733,557
739,557
740,557
741,557
742,557
743,557
744,557
745,557
746,557
747,557
748,557
749,557
750,557
691,558
692,558
693,558
694,558
695,558
696,558
697,558
698,558
699,558
700,558
701,558
702,558
703,558
704,558
705,558
706,558
707,558
708,558
709,558
710,558
711,558
712,558
713,558
714,558
715,558
716,558
717,558
718,558
719,558
720,558
721,558
722,558
723,558
724,558
725,558
726,558
727,558
728,558
729,558
730,558
731,558
732,558
733,558
739,558
740,558
741,558
742,558
743,558
744,558
745,558
746,558
747,558
748,558
749,558
691,559
692,559
693,559
694,559
695,559
696,559
697,559
698,559
699,559
700,559
701,559
702,559
703,559
704,559
705,559
706,559
707,559
708,559
709,559
710,559
711,559
712,559
713,559
714,559
715,559
716,559
717,559
718,559
719,559
720,559
721,559
722,559
723,559
724,559
725,559
726,559
727,559
728,559
729,559
730,559
731,559
732,559
733,559
734,559
740,559
741,559
742,559
743,559
744,559
745,559
746,559
747,559
748,559
749,559
691,560
692,560
693,560
694,560
695,560
696,560
697,560
698,560
699,560
700,560
701,560
702,560
703,560
704,560
705,560
706,560
707,560
708,560
709,560
710,560
711,560
712,560
713,560
714,560
715,560
716,560
717,560
718,560
719,560
720,560
721,560
722,560
723,560
724,560
725,560
726,560
727,560
728,560
729,560
730,560
731,560
732,560
733,560
734,560
735,560
736,560
742,560
743,560
744,560
745,560
746,560
747,560
692,561
693,561
694,561
695,561
696,561
697,561
698,561
699,561
700,561
701,561
702,561
703,561
704,561
705,561
706,561
707,561
708,561
709,561
710,561
711,561
712,561
713,561
714,561
715,561
716,561
717,561
718,561
719,561
720,561
721,561
722,561
723,561
724,561
725,561
726,561
727,561
728,561
729,561
730,561
731,561
732,561
733,561
734,561
735,561
736,561
737,561
738,561
739,561
693,562
694,562
695,562
696,562
697,562
698,562
699,562
700,562
701,562
702,562
703,562
704,562
705,562
706,562
707,562
708,562
709,562
710,562
711,562
712,562
713,562
714,562
715,562
716,562
717,562
718,562
719,562
720,562
721,562
722,562
723,562
724,562
725,562
726,562
727,562
728,562
729,562
730,562
731,562
732,562
733,562
734,562
735,562
736,562
737,562
738,562
739,562
740,562
694,563
695,563
696,563
697,563
698,563
699,563
700,563
701,563
702,563
703,563
704,563
705,563
706,563
707,563
708,563
709,563
710,563
711,563
712,563
713,563
714,563
715,563
716,563
717,563
718,563
719,563
720,563
721,563
722,563
723,563
724,563
725,563
726,563
727,563
728,563
729,563
730,563
731,563
732,563
733,563
734,563
735,563
736,563
737,563
738,563
739,563
740,563
696,564
697,564
698,564
699,564
700,564
701,564
702,564
703,564
705,564
706,564
707,564
708,564
709,564
710,564
711,564
712,564
713,564
714,564
715,564
716,564
717,564
718,564
719,564
720,564
721,564
722,564
723,564
724,564
725,564
726,564
727,564
728,564
729,564
730,564
731,564
732,564
733,564
734,564
735,564
736,564
737,564
738,564
739,564
740,564
741,564
698,565
699,565
700,565
701,565
702,565
706,565
707,565
708,565
709,565
710,565
711,565
712,565
713,565
714,565
715,565
716,565
717,565
718,565
719,565
720,565
721,565
722,565
723,565
724,565
725,565
726,565
727,565
728,565
729,565
730,565
731,565
732,565
733,565
734,565
735,565
736,565
737,565
738,565
739,565
740,565
741,565
700,566
701,566
707,566
708,566
709,566
710,566
711,566
712,566
713,566
714,566
715,566
716,566
717,566
718,566
719,566
720,566
721,566
722,566
723,566
724,566
725,566
726,566
727,566
728,566
729,566
730,566
731,566
732,566
733,566
734,566
735,566
736,566
737,566
738,566
739,566
740,566
741,566
742,566
707,567
708,567
709,567
710,567
711,567
712,567
713,567
714,567
715,567
716,567
717,567
718,567
719,567
720,567
721,567
722,567
723,567
724,567
725,567
726,567
727,567
728,567
729,567
730,567
731,567
732,567
733,567
734,567
735,567
736,567
737,567
738,567
739,567
740,567
741,567
742,567
708,568
709,568
710,568
711,568
712,568
713,568
714,568
715,568
716,568
717,568
718,568
719,568
720,568
721,568
722,568
723,568
724,568
725,568
726,568
727,568
728,568
729,568
730,568
731,568
732,568
733,568
734,568
735,568
736,568
737,568
738,568
739,568
740,568
741,568
742,568
708,569
709,569
710,569
711,569
712,569
713,569
714,569
715,569
716,569
717,569
718,569
719,569
720,569
721,569
722,569
723,569
724,569
725,569
726,569
727,569
728,569
729,569
730,569
731,569
732,569
733,569
734,569
735,569
736,569
737,569
738,569
739,569
740,569
741,569
700,570
701,570
702,570
703,570
709,570
710,570
711,570
712,570
713,570
714,570
715,570
716,570
717,570
718,570
719,570
720,570
721,570
722,570
723,570
724,570
725,570
726,570
727,570
728,570
729,570
730,570
731,570
732,570
733,570
734,570
735,570
736,570
737,570
738,570
739,570
740,570
699,571
700,571
701,571
702,571
703,571
704,571
709,571
710,571
711,571
712,571
713,571
714,571
715,571
716,571
717,571
718,571
719,571
720,571
721,571
722,571
723,571
724,571
725,571
726,571
727,571
728,571
729,571
730,571
731,571
732,571
733,571
734,571
735,571
736,571
737,571
738,571
739,571
697,572
698,572
699,572
700,572
701,572
702,572
703,572
704,572
705,572
709,572
710,572
711,572
712,572
713,572
714,572
715,572
716,572
717,572
718,572
719,572
720,572
721,572
722,572
723,572
724,572
725,572
726,572
727,572
728,572
729,572
730,572
731,572
732,572
733,572
734,572
735,572
736,572
737,572
738,572
739,572
697,573
698,573
699,573
700,573
701,573
702,573
703,573
704,573
705,573
706,573
707,573
708,573
709,573
710,573
711,573
712,573
713,573
714,573
715,573
716,573
717,573
718,573
719,573
720,573
721,573
722,573
723,573
724,573
725,573
726,573
727,573
728,573
729,573
730,573
731,573
732,573
733,573
734,573
735,573
736,573
737,573
738,573
697,574
698,574
699,574
700,574
701,574
702,574
703,574
704,574
705,574
706,574
707,574
708,574
709,574
710,574
711,574
712,574
713,574
714,574
715,574
716,574
717,574
718,574
719,574
720,574
721,574
722,574
723,574
724,574
725,574
726,574
727,574
728,574
729,574
730,574
731,574
732,574
733,574
734,574
735,574
736,574
737,574
738,574
739,574
696,575
697,575
698,575
699,575
700,575
701,575
702,575
703,575
704,575
705,575
706,575
707,575
708,575
709,575
710,575
711,575
712,575
713,575
714,575
715,575
716,575
717,575
718,575
719,575
720,575
721,575
722,575
723,575
724,575
725,575
726,575
727,575
728,575
729,575
730,575
731,575
732,575
733,575
734,575
735,575
736,575
737,575
738,575
739,575
696,576
697,576
698,576
699,576
700,576
701,576
702,576
703,576
704,576
705,576
706,576
707,576
708,576
709,576
710,576
711,576
712,576
713,576
714,576
715,576
716,576
717,576
718,576
719,576
720,576
721,576
722,576
723,576
724,576
725,576
726,576
727,576
728,576
729,576
730,576
731,576
732,576
733,576
734,576
735,576
736,576
737,576
738,576
739,576
740,576
696,577
697,577
698,577
699,577
700,577
701,577
702,577
703,577
704,577
705,577
706,577
707,577
708,577
709,577
710,577
711,577
712,577
713,577
714,577
715,577
716,577
717,577
718,577
719,577
720,577
721,577
722,577
723,577
724,577
725,577
726,577
727,577
728,577
729,577
730,577
731,577
732,577
733,577
734,577
735,577
736,577
737,577
738,577
739,577
740,577
741,577
696,578
697,578
698,578
699,578
700,578
701,578
702,578
703,578
704,578
705,578
706,578
707,578
708,578
709,578
710,578
711,578
712,578
713,578
714,578
715,578
716,578
717,578
718,578
719,578
720,578
721,578
722,578
723,578
724,578
725,578
726,578
727,578
728,578
729,578
730,578
731,578
732,578
733,578
734,578
735,578
736,578
737,578
738,578
739,578
740,578
741,578
696,579
697,579
698,579
699,579
700,579
701,579
702,579
703,579
704,579
705,579
706,579
707,579
708,579
709,579
710,579
711,579
712,579
713,579
714,579
715,579
716,579
717,579
718,579
719,579
720,579
721,579
722,579
723,579
724,579
725,579
726,579
727,579
728,579
729,579
730,579
731,579
732,579
733,579
734,579
735,579
736,579
737,579
738,579
739,579
740,579
741,579
742,579
743,579
696,580
697,580
698,580
699,580
700,580
701,580
702,580
703,580
704,580
705,580
706,580
707,580
708,580
709,580
710,580
711,580
712,580
713,580
714,580
715,580
716,580
717,580
718,580
719,580
720,580
721,580
722,580
723,580
724,580
725,580
726,580
727,580
728,580
729,580
730,580
731,580
732,580
733,580
734,580
735,580
736,580
737,580
738,580
739,580
740,580
741,580
742,580
743,580
697,581
698,581
699,581
700,581
701,581
702,581
703,581
704,581
705,581
706,581
707,581
708,581
709,581
710,581
711,581
712,581
713,581
714,581
715,581
716,581
717,581
718,581
719,581
720,581
721,581
722,581
723,581
724,581
725,581
726,581
727,581
728,581
729,581
730,581
731,581
732,581
733,581
734,581
735,581
736,581
737,581
738,581
739,581
740,581
741,581
742,581
743,581
744,581
697,582
698,582
699,582
700,582
701,582
702,582
703,582
704,582
705,582
706,582
707,582
708,582
709,582
710,582
711,582
712,582
713,582
714,582
715,582
716,582
717,582
718,582
719,582
720,582
721,582
722,582
723,582
724,582
725,582
726,582
727,582
728,582
729,582
730,582
731,582
732,582
733,582
734,582
735,582
736,582
737,582
738,582
739,582
740,582
741,582
742,582
743,582
697,583
698,583
699,583
700,583
701,583
702,583
703,583
704,583
705,583
706,583
707,583
708,583
709,583
710,583
711,583
712,583
713,583
714,583
715,583
716,583
717,583
718,583
719,583
720,583
721,583
722,583
723,583
724,583
725,583
726,583
727,583
728,583
729,583
730,583
731,583
732,583
733,583
734,583
735,583
736,583
737,583
738,583
739,583
740,583
741,583
742,583
743,583
698,584
699,584
700,584
701,584
702,584
703,584
704,584
705,584
706,584
707,584
708,584
709,584
710,584
711,584
712,584
713,584
714,584
715,584
716,584
717,584
718,584
719,584
720,584
721,584
722,584
723,584
724,584
725,584
726,584
727,584
728,584
729,584
730,584
731,584
732,584
733,584
734,584
735,584
736,584
737,584
738,584
739,584
740,584
741,584
742,584
743,584
744,584
699,585
700,585
701,585
702,585
703,585
704,585
705,585
706,585
707,585
708,585
709,585
710,585
711,585
712,585
713,585
714,585
715,585
716,585
717,585
718,585
719,585
720,585
721,585
722,585
723,585
724,585
725,585
726,585
727,585
728,585
729,585
730,585
731,585
732,585
733,585
734,585
735,585
736,585
737,585
738,585
739,585
740,585
741,585
742,585
743,585
744,585
745,585
699,586
700,586
701,586
702,586
703,586
704,586
705,586
706,586
707,586
708,586
709,586
710,586
711,586
712,586
713,586
714,586
715,586
716,586
717,586
718,586
719,586
720,586
721,586
722,586
723,586
724,586
725,586
726,586
727,586
728,586
729,586
730,586
731,586
732,586
733,586
734,586
735,586
736,586
737,586
738,586
739,586
740,586
741,586
742,586
743,586
744,586
745,586
700,587
701,587
702,587
703,587
704,587
705,587
706,587
707,587
708,587
709,587
710,587
711,587
712,587
713,587
714,587
715,587
716,587
717,587
718,587
719,587
720,587
721,587
722,587
723,587
724,587
725,587
726,587
727,587
728,587
729,587
730,587
731,587
732,587
733,587
734,587
735,587
736,587
737,587
738,587
739,587
740,587
741,587
742,587
743,587
744,587
745,587
746,587
701,588
702,588
703,588
704,588
705,588
706,588
707,588
708,588
709,588
710,588
711,588
712,588
713,588
714,588
715,588
716,588
717,588
718,588
719,588
720,588
721,588
722,588
723,588
724,588
725,588
726,588
727,588
728,588
729,588
730,588
731,588
732,588
733,588
734,588
735,588
736,588
737,588
738,588
739,588
740,588
741,588
742,588
743,588
744,588
745,588
746,588
703,589
704,589
705,589
706,589
707,589
708,589
709,589
710,589
711,589
712,589
713,589
714,589
715,589
716,589
717,589
718,589
719,589
720,589
721,589
722,589
723,589
724,589
725,589
726,589
727,589
728,589
729,589
730,589
731,589
732,589
733,589
734,589
735,589
736,589
737,589
738,589
739,589
740,589
741,589
742,589
743,589
744,589
745,589
746,589
747,589
704,590
705,590
706,590
707,590
708,590
709,590
710,590
711,590
712,590
713,590
714,590
715,590
716,590
717,590
718,590
719,590
720,590
721,590
722,590
723,590
724,590
725,590
726,590
727,590
728,590
729,590
730,590
731,590
732,590
733,590
734,590
735,590
736,590
737,590
738,590
739,590
740,590
741,590
742,590
743,590
744,590
745,590
705,591
706,591
707,591
708,591
709,591
710,591
711,591
712,591
713,591
714,591
715,591
716,591
717,591
718,591
719,591
720,591
721,591
722,591
723,591
724,591
725,591
726,591
727,591
728,591
729,591
730,591
731,591
732,591
733,591
734,591
735,591
736,591
737,591
738,591
739,591
740,591
741,591
742,591
743,591
744,591
745,591
706,592
707,592
708,592
709,592
710,592
711,592
712,592
713,592
714,592
715,592
716,592
717,592
718,592
719,592
720,592
721,592
722,592
723,592
724,592
725,592
726,592
727,592
728,592
729,592
730,592
731,592
732,592
733,592
734,592
735,592
736,592
737,592
738,592
739,592
740,592
741,592
742,592
743,592
744,592
745,592
708,593
709,593
710,593
711,593
712,593
713,593
714,593
715,593
716,593
717,593
718,593
719,593
720,593
721,593
722,593
723,593
724,593
725,593
726,593
727,593
728,593
729,593
730,593
731,593
732,593
733,593
734,593
735,593
736,593
737,593
738,593
739,593
740,593
741,593
742,593
743,593
744,593
745,593
710,594
711,594
712,594
713,594
714,594
715,594
716,594
717,594
718,594
719,594
720,594
721,594
722,594
723,594
724,594
725,594
726,594
727,594
728,594
729,594
730,594
731,594
732,594
733,594
734,594
735,594
736,594
737,594
738,594
739,594
740,594
741,594
742,594
743,594
745,594
711,595
712,595
713,595
714,595
715,595
716,595
717,595
718,595
719,595
720,595
721,595
722,595
723,595
724,595
725,595
726,595
727,595
728,595
729,595
730,595
731,595
732,595
733,595
734,595
735,595
736,595
737,595
738,595
739,595
740,595
711,596
713,596
714,596
715,596
716,596
717,596
718,596
719,596
720,596
725,596
726,596
727,596
728,596
729,596
730,596
731,596
732,596
733,596
734,596
735,596
726,597
727,597
728,597
729,597
730,597
731,597
732,597
733,597
734,597
728,598
729,598
730,598
731,598
732,598
733,598
734,598
733,599
