993
916
994
916
992
917
993
917
994
917
995
917
991
918
992
918
993
918
994
918
995
918
990
919
991
919
992
919
993
919
988
920
989
920
990
920
991
920
992
920
987
921
988
921
989
921
990
921
991
921
986
922
987
922
988
922
989
922
990
922
984
923
985
923
986
923
987
923
988
923
983
924
984
924
985
924
986
924
987
924
982
925
983
925
984
925
985
925
986
925
980
926
981
926
982
926
983
926
984
926
979
927
980
927
981
927
982
927
983
927
978
928
979
928
980
928
981
928
982
928
977
929
978
929
979
929
980
929
975
930
976
930
977
930
978
930
979
930
974
931
975
931
976
931
977
931
978
931
973
932
974
932
975
932
976
932
977
932
971
933
972
933
973
933
974
933
975
933
970
934
971
934
972
934
973
934
974
934
969
935
970
935
971
935
972
935
973
935
968
936
969
936
970
936
971
936
966
937
967
937
968
937
969
937
970
937
965
938
966
938
967
938
968
938
969
938
964
939
965
939
966
939
967
939
968
939
962
940
963
940
964
940
965
940
966
940
961
941
962
941
963
941
964
941
965
941
960
942
961
942
962
942
963
942
964
942
959
943
960
943
961
943
962
943
957
944
958
944
959
944
960
944
961
944
956
945
957
945
958
945
959
945
960
945
955
946
956
946
957
946
958
946
959
946
953
947
954
947
955
947
956
947
957
947
952
948
953
948
954
948
955
948
956
948
951
949
952
949
953
949
954
949
955
949
949
950
950
950
951
950
952
950
953
950
948
951
949
951
950
951
951
951
952
951
947
952
948
952
949
952
950
952
951
952
946
953
947
953
948
953
949
953
944
954
945
954
946
954
947
954
948
954
943
955
944
955
945
955
946
955
947
955
942
956
943
956
944
956
945
956
946
956
940
957
941
957
942
957
943
957
944
957
939
958
940
958
941
958
942
958
943
958
938
959
939
959
940
959
941
959
942
959
937
960
938
960
939
960
940
960
935
961
936
961
937
961
938
961
939
961
934
962
935
962
936
962
937
962
938
962
933
963
934
963
935
963
936
963
937
963
931
964
932
964
933
964
934
964
935
964
930
965
931
965
932
965
933
965
934
965
929
966
930
966
931
966
932
966
933
966
928
967
929
967
930
967
931
967
926
968
927
968
928
968
929
968
930
968
925
969
926
969
927
969
928
969
929
969
924
970
925
970
926
970
927
970
928
970
922
971
923
971
924
971
925
971
926
971
921
972
922
972
923
972
924
972
925
972
920
973
921
973
922
973
923
973
924
973
919
974
920
974
921
974
922
974
917
975
918
975
919
975
920
975
921
975
916
976
917
976
918
976
919
976
920
976
915
977
916
977
917
977
918
977
919
977
913
978
914
978
915
978
916
978
917
978
912
979
913
979
914
979
915
979
916
979
911
980
912
980
913
980
914
980
915
980
909
981
910
981
911
981
912
981
913
981
908
982
909
982
910
982
911
982
912
982
907
983
908
983
909
983
910
983
911
983
906
984
907
984
908
984
909
984
904
985
905
985
906
985
907
985
908
985
903
986
904
986
905
986
906
986
907
986
902
987
903
987
904
987
905
987
906
987
900
988
901
988
902
988
903
988
904
988
899
989
900
989
901
989
902
989
903
989
898
990
899
990
900
990
901
990
902
990
897
991
898
991
899
991
900
991
895
992
896
992
897
992
898
992
899
992
894
993
895
993
896
993
897
993
898
993
893
994
894
994
895
994
896
994
897
994
891
995
892
995
893
995
894
995
895
995
890
996
891
996
892
996
893
996
894
996
889
997
890
997
891
997
892
997
893
997
888
998
889
998
890
998
891
998
886
999
887
999
888
999
889
999
890
999
885
1000
886
1000
887
1000
888
1000
889
1000
884
1001
885
1001
886
1001
887
1001
888
1001
882
1002
883
1002
884
1002
885
1002
886
1002
881
1003
882
1003
883
1003
884
1003
885
1003
880
1004
881
1004
882
1004
883
1004
884
1004
878
1005
879
1005
880
1005
881
1005
882
1005
877
1006
878
1006
879
1006
880
1006
881
1006
876
1007
877
1007
878
1007
879
1007
880
1007
875
1008
876
1008
877
1008
878
1008
873
1009
874
1009
875
1009
876
1009
877
1009
872
1010
873
1010
874
1010
875
1010
876
1010
871
1011
872
1011
873
1011
874
1011
875
1011
869
1012
870
1012
871
1012
872
1012
873
1012
868
1013
869
1013
870
1013
871
1013
872
1013
867
1014
868
1014
869
1014
870
1014
871
1014
872
1014
866
1015
867
1015
868
1015
869
1015
870
1015
871
1015
872
1015
864
1016
865
1016
866
1016
867
1016
868
1016
870
1016
871
1016
872
1016
873
1016
863
1017
864
1017
865
1017
866
1017
867
1017
871
1017
872
1017
873
1017
874
1017
862
1018
863
1018
864
1018
865
1018
866
1018
872
1018
873
1018
874
1018
860
1019
861
1019
862
1019
863
1019
864
1019
872
1019
873
1019
874
1019
875
1019
859
1020
860
1020
861
1020
862
1020
863
1020
873
1020
874
1020
875
1020
876
1020
858
1021
859
1021
860
1021
861
1021
862
1021
874
1021
875
1021
876
1021
857
1022
858
1022
859
1022
860
1022
874
1022
875
1022
876
1022
877
1022
855
1023
856
1023
857
1023
858
1023
859
1023
875
1023
876
1023
877
1023
878
1023
854
1024
855
1024
856
1024
857
1024
858
1024
876
1024
877
1024
878
1024
853
1025
854
1025
855
1025
856
1025
857
1025
876
1025
877
1025
878
1025
879
1025
852
1026
853
1026
854
1026
855
1026
877
1026
878
1026
879
1026
880
1026
851
1027
852
1027
853
1027
854
1027
878
1027
879
1027
880
1027
851
1028
852
1028
853
1028
878
1028
879
1028
880
1028
881
1028
850
1029
851
1029
852
1029
879
1029
880
1029
881
1029
849
1030
850
1030
851
1030
852
1030
879
1030
880
1030
881
1030
882
1030
848
1031
849
1031
850
1031
851
1031
880
1031
881
1031
882
1031
883
1031
848
1032
849
1032
850
1032
881
1032
882
1032
883
1032
847
1033
848
1033
849
1033
850
1033
881
1033
882
1033
883
1033
884
1033
847
1034
848
1034
849
1034
882
1034
883
1034
884
1034
885
1034
846
1035
847
1035
848
1035
849
1035
883
1035
884
1035
885
1035
845
1036
846
1036
847
1036
848
1036
883
1036
884
1036
885
1036
886
1036
845
1037
846
1037
847
1037
884
1037
885
1037
886
1037
887
1037
844
1038
845
1038
846
1038
847
1038
885
1038
886
1038
887
1038
843
1039
844
1039
845
1039
846
1039
885
1039
886
1039
887
1039
888
1039
843
1040
844
1040
845
1040
886
1040
887
1040
888
1040
889
1040
842
1041
843
1041
844
1041
845
1041
887
1041
888
1041
889
1041
841
1042
842
1042
843
1042
844
1042
887
1042
888
1042
889
1042
890
1042
841
1043
842
1043
843
1043
888
1043
889
1043
890
1043
891
1043
840
1044
841
1044
842
1044
843
1044
889
1044
890
1044
891
1044
840
1045
841
1045
842
1045
889
1045
890
1045
891
1045
892
1045
839
1046
840
1046
841
1046
890
1046
891
1046
892
1046
893
1046
838
1047
839
1047
840
1047
841
1047
891
1047
892
1047
893
1047
838
1048
839
1048
840
1048
891
1048
892
1048
893
1048
894
1048
837
1049
838
1049
839
1049
840
1049
892
1049
893
1049
894
1049
895
1049
836
1050
837
1050
838
1050
839
1050
893
1050
894
1050
895
1050
836
1051
837
1051
838
1051
893
1051
894
1051
895
1051
896
1051
835
1052
836
1052
837
1052
838
1052
894
1052
895
1052
896
1052
834
1053
835
1053
836
1053
837
1053
894
1053
895
1053
896
1053
897
1053
834
1054
835
1054
836
1054
895
1054
896
1054
897
1054
898
1054
833
1055
834
1055
835
1055
836
1055
896
1055
897
1055
898
1055
833
1056
834
1056
835
1056
896
1056
897
1056
898
1056
899
1056
832
1057
833
1057
834
1057
897
1057
898
1057
899
1057
900
1057
831
1058
832
1058
833
1058
834
1058
898
1058
899
1058
900
1058
831
1059
832
1059
833
1059
898
1059
899
1059
900
1059
901
1059
830
1060
831
1060
832
1060
833
1060
899
1060
900
1060
901
1060
902
1060
829
1061
830
1061
831
1061
832
1061
900
1061
901
1061
902
1061
903
1061
829
1062
830
1062
831
1062
900
1062
901
1062
902
1062
903
1062
904
1062
828
1063
829
1063
830
1063
831
1063
901
1063
902
1063
903
1063
904
1063
827
1064
828
1064
829
1064
830
1064
902
1064
903
1064
904
1064
905
1064
827
1065
828
1065
829
1065
903
1065
904
1065
905
1065
906
1065
826
1066
827
1066
828
1066
829
1066
904
1066
905
1066
906
1066
907
1066
826
1067
827
1067
828
1067
905
1067
906
1067
907
1067
908
1067
825
1068
826
1068
827
1068
906
1068
907
1068
908
1068
909
1068
824
1069
825
1069
826
1069
827
1069
907
1069
908
1069
909
1069
910
1069
824
1070
825
1070
826
1070
908
1070
909
1070
910
1070
911
1070
823
1071
824
1071
825
1071
826
1071
909
1071
910
1071
911
1071
912
1071
822
1072
823
1072
824
1072
825
1072
910
1072
911
1072
912
1072
913
1072
822
1073
823
1073
824
1073
911
1073
912
1073
913
1073
914
1073
821
1074
822
1074
823
1074
824
1074
912
1074
913
1074
914
1074
915
1074
820
1075
821
1075
822
1075
823
1075
912
1075
913
1075
914
1075
915
1075
916
1075
820
1076
821
1076
822
1076
913
1076
914
1076
915
1076
916
1076
820
1077
821
1077
822
1077
914
1077
915
1077
916
1077
917
1077
820
1078
821
1078
822
1078
915
1078
916
1078
917
1078
918
1078
821
1079
822
1079
823
1079
916
1079
917
1079
918
1079
919
1079
821
1080
822
1080
823
1080
917
1080
918
1080
919
1080
920
1080
821
1081
822
1081
823
1081
918
1081
919
1081
920
1081
921
1081
821
1082
822
1082
823
1082
919
1082
920
1082
921
1082
922
1082
821
1083
822
1083
823
1083
920
1083
921
1083
922
1083
923
1083
821
1084
822
1084
823
1084
921
1084
922
1084
923
1084
924
1084
822
1085
823
1085
824
1085
922
1085
923
1085
924
1085
925
1085
822
1086
823
1086
824
1086
923
1086
924
1086
925
1086
926
1086
822
1087
823
1087
824
1087
923
1087
924
1087
925
1087
926
1087
927
1087
822
1088
823
1088
824
1088
825
1088
924
1088
925
1088
926
1088
927
1088
928
1088
823
1089
824
1089
825
1089
925
1089
926
1089
927
1089
928
1089
823
1090
824
1090
825
1090
826
1090
926
1090
927
1090
928
1090
929
1090
824
1091
825
1091
826
1091
927
1091
928
1091
929
1091
930
1091
824
1092
825
1092
826
1092
827
1092
928
1092
929
1092
930
1092
931
1092
825
1093
826
1093
827
1093
929
1093
930
1093
931
1093
932
1093
825
1094
826
1094
827
1094
828
1094
930
1094
931
1094
932
1094
933
1094
826
1095
827
1095
828
1095
931
1095
932
1095
933
1095
934
1095
826
1096
827
1096
828
1096
829
1096
932
1096
933
1096
934
1096
935
1096
827
1097
828
1097
829
1097
933
1097
934
1097
935
1097
936
1097
827
1098
828
1098
829
1098
830
1098
934
1098
935
1098
936
1098
937
1098
828
1099
829
1099
830
1099
935
1099
936
1099
937
1099
938
1099
828
1100
829
1100
830
1100
831
1100
935
1100
936
1100
937
1100
938
1100
939
1100
829
1101
830
1101
831
1101
936
1101
937
1101
938
1101
939
1101
829
1102
830
1102
831
1102
832
1102
937
1102
938
1102
939
1102
940
1102
830
1103
831
1103
832
1103
938
1103
939
1103
940
1103
941
1103
830
1104
831
1104
832
1104
833
1104
939
1104
940
1104
941
1104
942
1104
831
1105
832
1105
833
1105
940
1105
941
1105
942
1105
943
1105
831
1106
832
1106
833
1106
834
1106
941
1106
942
1106
943
1106
944
1106
832
1107
833
1107
834
1107
942
1107
943
1107
944
1107
945
1107
832
1108
833
1108
834
1108
835
1108
943
1108
944
1108
945
1108
946
1108
833
1109
834
1109
835
1109
944
1109
945
1109
946
1109
947
1109
833
1110
834
1110
835
1110
836
1110
945
1110
946
1110
947
1110
948
1110
834
1111
835
1111
836
1111
946
1111
947
1111
948
1111
949
1111
834
1112
835
1112
836
1112
837
1112
947
1112
948
1112
949
1112
950
1112
835
1113
836
1113
837
1113
947
1113
948
1113
949
1113
950
1113
835
1114
836
1114
837
1114
838
1114
948
1114
949
1114
950
1114
951
1114
836
1115
837
1115
838
1115
949
1115
950
1115
951
1115
836
1116
837
1116
838
1116
839
1116
949
1116
950
1116
951
1116
952
1116
837
1117
838
1117
839
1117
950
1117
951
1117
952
1117
838
1118
839
1118
840
1118
950
1118
951
1118
952
1118
953
1118
838
1119
839
1119
840
1119
951
1119
952
1119
953
1119
839
1120
840
1120
841
1120
951
1120
952
1120
953
1120
954
1120
839
1121
840
1121
841
1121
952
1121
953
1121
954
1121
840
1122
841
1122
842
1122
953
1122
954
1122
955
1122
840
1123
841
1123
842
1123
953
1123
954
1123
955
1123
956
1123
841
1124
842
1124
843
1124
954
1124
955
1124
956
1124
841
1125
842
1125
843
1125
954
1125
955
1125
956
1125
957
1125
842
1126
843
1126
844
1126
955
1126
956
1126
957
1126
842
1127
843
1127
844
1127
955
1127
956
1127
957
1127
958
1127
843
1128
844
1128
845
1128
956
1128
957
1128
958
1128
843
1129
844
1129
845
1129
956
1129
957
1129
958
1129
959
1129
844
1130
845
1130
846
1130
957
1130
958
1130
959
1130
844
1131
845
1131
846
1131
957
1131
958
1131
959
1131
960
1131
845
1132
846
1132
847
1132
958
1132
959
1132
960
1132
845
1133
846
1133
847
1133
958
1133
959
1133
960
1133
961
1133
846
1134
847
1134
848
1134
959
1134
960
1134
961
1134
846
1135
847
1135
848
1135
959
1135
960
1135
961
1135
962
1135
847
1136
848
1136
849
1136
960
1136
961
1136
962
1136
847
1137
848
1137
849
1137
960
1137
961
1137
962
1137
963
1137
848
1138
849
1138
850
1138
961
1138
962
1138
963
1138
848
1139
849
1139
850
1139
961
1139
962
1139
963
1139
964
1139
849
1140
850
1140
851
1140
962
1140
963
1140
964
1140
849
1141
850
1141
851
1141
962
1141
963
1141
964
1141
965
1141
850
1142
851
1142
852
1142
963
1142
964
1142
965
1142
850
1143
851
1143
852
1143
964
1143
965
1143
966
1143
851
1144
852
1144
853
1144
964
1144
965
1144
966
1144
851
1145
852
1145
853
1145
854
1145
965
1145
966
1145
967
1145
852
1146
853
1146
854
1146
965
1146
966
1146
967
1146
968
1146
852
1147
853
1147
854
1147
855
1147
966
1147
967
1147
968
1147
853
1148
854
1148
855
1148
966
1148
967
1148
968
1148
969
1148
853
1149
854
1149
855
1149
856
1149
967
1149
968
1149
969
1149
854
1150
855
1150
856
1150
967
1150
968
1150
969
1150
970
1150
854
1151
855
1151
856
1151
857
1151
968
1151
969
1151
970
1151
855
1152
856
1152
857
1152
968
1152
969
1152
970
1152
971
1152
855
1153
856
1153
857
1153
858
1153
969
1153
970
1153
971
1153
856
1154
857
1154
858
1154
969
1154
970
1154
971
1154
972
1154
856
1155
857
1155
858
1155
859
1155
970
1155
971
1155
972
1155
857
1156
858
1156
859
1156
970
1156
971
1156
972
1156
973
1156
857
1157
858
1157
859
1157
860
1157
971
1157
972
1157
973
1157
858
1158
859
1158
860
1158
971
1158
972
1158
973
1158
974
1158
858
1159
859
1159
860
1159
861
1159
972
1159
973
1159
974
1159
859
1160
860
1160
861
1160
972
1160
973
1160
974
1160
975
1160
859
1161
860
1161
861
1161
862
1161
973
1161
974
1161
975
1161
860
1162
861
1162
862
1162
973
1162
974
1162
975
1162
976
1162
860
1163
861
1163
862
1163
863
1163
974
1163
975
1163
976
1163
861
1164
862
1164
863
1164
974
1164
975
1164
976
1164
977
1164
861
1165
862
1165
863
1165
864
1165
975
1165
976
1165
977
1165
862
1166
863
1166
864
1166
976
1166
977
1166
978
1166
862
1167
863
1167
864
1167
865
1167
976
1167
977
1167
978
1167
979
1167
863
1168
864
1168
865
1168
977
1168
978
1168
979
1168
863
1169
864
1169
865
1169
866
1169
977
1169
978
1169
979
1169
980
1169
864
1170
865
1170
866
1170
978
1170
979
1170
980
1170
864
1171
865
1171
866
1171
867
1171
912
1171
913
1171
978
1171
979
1171
980
1171
981
1171
865
1172
866
1172
867
1172
910
1172
911
1172
912
1172
913
1172
914
1172
979
1172
980
1172
981
1172
865
1173
866
1173
867
1173
868
1173
908
1173
909
1173
910
1173
911
1173
912
1173
913
1173
979
1173
980
1173
981
1173
982
1173
866
1174
867
1174
868
1174
905
1174
906
1174
907
1174
908
1174
909
1174
910
1174
911
1174
912
1174
980
1174
981
1174
982
1174
866
1175
867
1175
868
1175
869
1175
903
1175
904
1175
905
1175
906
1175
907
1175
908
1175
909
1175
980
1175
981
1175
982
1175
983
1175
867
1176
868
1176
869
1176
901
1176
902
1176
903
1176
904
1176
905
1176
906
1176
907
1176
981
1176
982
1176
983
1176
867
1177
868
1177
869
1177
870
1177
899
1177
900
1177
901
1177
902
1177
903
1177
904
1177
905
1177
981
1177
982
1177
983
1177
984
1177
868
1178
869
1178
870
1178
896
1178
897
1178
898
1178
899
1178
900
1178
901
1178
902
1178
903
1178
982
1178
983
1178
984
1178
868
1179
869
1179
870
1179
871
1179
894
1179
895
1179
896
1179
897
1179
898
1179
899
1179
900
1179
982
1179
983
1179
984
1179
985
1179
869
1180
870
1180
871
1180
872
1180
892
1180
893
1180
894
1180
895
1180
896
1180
897
1180
898
1180
964
1180
965
1180
983
1180
984
1180
985
1180
870
1181
871
1181
872
1181
873
1181
890
1181
891
1181
892
1181
893
1181
894
1181
895
1181
896
1181
961
1181
962
1181
963
1181
964
1181
965
1181
966
1181
983
1181
984
1181
985
1181
986
1181
871
1182
872
1182
873
1182
887
1182
888
1182
889
1182
890
1182
891
1182
892
1182
893
1182
894
1182
959
1182
960
1182
961
1182
962
1182
963
1182
964
1182
965
1182
966
1182
984
1182
985
1182
986
1182
871
1183
872
1183
873
1183
874
1183
885
1183
886
1183
887
1183
888
1183
889
1183
890
1183
891
1183
956
1183
957
1183
958
1183
959
1183
960
1183
961
1183
962
1183
963
1183
964
1183
965
1183
966
1183
967
1183
984
1183
985
1183
986
1183
987
1183
872
1184
873
1184
874
1184
883
1184
884
1184
885
1184
886
1184
887
1184
888
1184
889
1184
953
1184
954
1184
955
1184
956
1184
957
1184
958
1184
959
1184
960
1184
961
1184
965
1184
966
1184
967
1184
985
1184
986
1184
987
1184
872
1185
873
1185
874
1185
875
1185
881
1185
882
1185
883
1185
884
1185
885
1185
886
1185
887
1185
950
1185
951
1185
952
1185
953
1185
954
1185
955
1185
956
1185
957
1185
958
1185
965
1185
966
1185
967
1185
985
1185
986
1185
987
1185
988
1185
873
1186
874
1186
875
1186
876
1186
878
1186
879
1186
880
1186
881
1186
882
1186
883
1186
884
1186
885
1186
948
1186
949
1186
950
1186
951
1186
952
1186
953
1186
954
1186
955
1186
966
1186
967
1186
968
1186
986
1186
987
1186
988
1186
874
1187
875
1187
876
1187
877
1187
878
1187
879
1187
880
1187
881
1187
882
1187
945
1187
946
1187
947
1187
948
1187
949
1187
950
1187
951
1187
952
1187
953
1187
966
1187
967
1187
968
1187
987
1187
988
1187
989
1187
874
1188
875
1188
876
1188
877
1188
878
1188
879
1188
880
1188
942
1188
943
1188
944
1188
945
1188
946
1188
947
1188
948
1188
949
1188
950
1188
966
1188
967
1188
968
1188
969
1188
987
1188
988
1188
989
1188
875
1189
876
1189
877
1189
878
1189
940
1189
941
1189
942
1189
943
1189
944
1189
945
1189
946
1189
947
1189
967
1189
968
1189
969
1189
988
1189
989
1189
990
1189
876
1190
877
1190
878
1190
937
1190
938
1190
939
1190
940
1190
941
1190
942
1190
943
1190
944
1190
945
1190
967
1190
968
1190
969
1190
970
1190
988
1190
989
1190
990
1190
991
1190
876
1191
877
1191
878
1191
879
1191
934
1191
935
1191
936
1191
937
1191
938
1191
939
1191
940
1191
941
1191
942
1191
968
1191
969
1191
970
1191
989
1191
990
1191
991
1191
877
1192
878
1192
879
1192
931
1192
932
1192
933
1192
934
1192
935
1192
936
1192
937
1192
938
1192
939
1192
968
1192
969
1192
970
1192
989
1192
990
1192
991
1192
992
1192
877
1193
878
1193
879
1193
880
1193
929
1193
930
1193
931
1193
932
1193
933
1193
934
1193
935
1193
936
1193
969
1193
970
1193
971
1193
990
1193
991
1193
992
1193
878
1194
879
1194
880
1194
881
1194
926
1194
927
1194
928
1194
929
1194
930
1194
931
1194
932
1194
933
1194
934
1194
969
1194
970
1194
971
1194
990
1194
991
1194
992
1194
993
1194
879
1195
880
1195
881
1195
923
1195
924
1195
925
1195
926
1195
927
1195
928
1195
929
1195
930
1195
931
1195
969
1195
970
1195
971
1195
972
1195
991
1195
992
1195
993
1195
879
1196
880
1196
881
1196
882
1196
921
1196
922
1196
923
1196
924
1196
925
1196
926
1196
927
1196
928
1196
970
1196
971
1196
972
1196
991
1196
992
1196
993
1196
994
1196
880
1197
881
1197
882
1197
918
1197
919
1197
920
1197
921
1197
922
1197
923
1197
924
1197
925
1197
926
1197
970
1197
971
1197
972
1197
973
1197
992
1197
993
1197
994
1197
881
1198
882
1198
883
1198
915
1198
916
1198
917
1198
918
1198
919
1198
920
1198
921
1198
922
1198
923
1198
971
1198
972
1198
973
1198
992
1198
993
1198
994
1198
995
1198
881
1199
882
1199
883
1199
884
1199
912
1199
913
1199
914
1199
915
1199
916
1199
917
1199
918
1199
919
1199
920
1199
971
1199
972
1199
973
1199
993
1199
994
1199
995
1199
996
1199
882
1200
883
1200
884
1200
910
1200
911
1200
912
1200
913
1200
914
1200
915
1200
916
1200
917
1200
928
1200
972
1200
973
1200
974
1200
994
1200
995
1200
996
1200
882
1201
883
1201
884
1201
885
1201
907
1201
908
1201
909
1201
910
1201
911
1201
912
1201
913
1201
914
1201
915
1201
927
1201
928
1201
929
1201
972
1201
973
1201
974
1201
995
1201
996
1201
997
1201
883
1202
884
1202
885
1202
886
1202
904
1202
905
1202
906
1202
907
1202
908
1202
909
1202
910
1202
911
1202
912
1202
927
1202
928
1202
929
1202
930
1202
972
1202
973
1202
974
1202
975
1202
995
1202
996
1202
997
1202
884
1203
885
1203
886
1203
902
1203
903
1203
904
1203
905
1203
906
1203
907
1203
908
1203
909
1203
928
1203
929
1203
930
1203
973
1203
974
1203
975
1203
995
1203
996
1203
997
1203
884
1204
885
1204
886
1204
887
1204
899
1204
900
1204
901
1204
902
1204
903
1204
904
1204
905
1204
906
1204
907
1204
928
1204
929
1204
930
1204
973
1204
974
1204
975
1204
976
1204
996
1204
997
1204
998
1204
885
1205
886
1205
887
1205
896
1205
897
1205
898
1205
899
1205
900
1205
901
1205
902
1205
903
1205
904
1205
929
1205
930
1205
931
1205
974
1205
975
1205
976
1205
996
1205
997
1205
998
1205
886
1206
887
1206
888
1206
893
1206
894
1206
895
1206
896
1206
897
1206
898
1206
899
1206
900
1206
901
1206
929
1206
930
1206
931
1206
974
1206
975
1206
976
1206
996
1206
997
1206
998
1206
886
1207
887
1207
888
1207
889
1207
891
1207
892
1207
893
1207
894
1207
895
1207
896
1207
897
1207
898
1207
930
1207
931
1207
932
1207
975
1207
976
1207
977
1207
996
1207
997
1207
998
1207
999
1207
887
1208
888
1208
889
1208
890
1208
891
1208
892
1208
893
1208
894
1208
895
1208
896
1208
930
1208
931
1208
932
1208
975
1208
976
1208
977
1208
997
1208
998
1208
999
1208
887
1209
888
1209
889
1209
890
1209
891
1209
892
1209
893
1209
930
1209
931
1209
932
1209
933
1209
975
1209
976
1209
977
1209
978
1209
997
1209
998
1209
999
1209
888
1210
889
1210
890
1210
931
1210
932
1210
933
1210
976
1210
977
1210
978
1210
997
1210
998
1210
999
1210
888
1211
889
1211
890
1211
891
1211
931
1211
932
1211
933
1211
934
1211
976
1211
977
1211
978
1211
979
1211
998
1211
999
1211
1000
1211
889
1212
890
1212
891
1212
932
1212
933
1212
934
1212
977
1212
978
1212
979
1212
998
1212
999
1212
1000
1212
889
1213
890
1213
891
1213
892
1213
932
1213
933
1213
934
1213
977
1213
978
1213
979
1213
998
1213
999
1213
1000
1213
890
1214
891
1214
892
1214
933
1214
934
1214
935
1214
978
1214
979
1214
980
1214
999
1214
1000
1214
1001
1214
890
1215
891
1215
892
1215
893
1215
933
1215
934
1215
935
1215
978
1215
979
1215
980
1215
999
1215
1000
1215
1001
1215
891
1216
892
1216
893
1216
934
1216
935
1216
936
1216
978
1216
979
1216
980
1216
981
1216
999
1216
1000
1216
1001
1216
891
1217
892
1217
893
1217
894
1217
934
1217
935
1217
936
1217
979
1217
980
1217
981
1217
1000
1217
1001
1217
1002
1217
892
1218
893
1218
894
1218
934
1218
935
1218
936
1218
937
1218
979
1218
980
1218
981
1218
982
1218
1000
1218
1001
1218
1002
1218
892
1219
893
1219
894
1219
895
1219
935
1219
936
1219
937
1219
980
1219
981
1219
982
1219
1000
1219
1001
1219
1002
1219
893
1220
894
1220
895
1220
935
1220
936
1220
937
1220
980
1220
981
1220
982
1220
1000
1220
1001
1220
1002
1220
1003
1220
893
1221
894
1221
895
1221
896
1221
936
1221
937
1221
938
1221
981
1221
982
1221
983
1221
1001
1221
1002
1221
1003
1221
894
1222
895
1222
896
1222
936
1222
937
1222
938
1222
981
1222
982
1222
983
1222
1001
1222
1002
1222
1003
1222
894
1223
895
1223
896
1223
897
1223
937
1223
938
1223
939
1223
981
1223
982
1223
983
1223
984
1223
1001
1223
1002
1223
1003
1223
1004
1223
895
1224
896
1224
897
1224
937
1224
938
1224
939
1224
982
1224
983
1224
984
1224
1002
1224
1003
1224
1004
1224
895
1225
896
1225
897
1225
898
1225
937
1225
938
1225
939
1225
940
1225
982
1225
983
1225
984
1225
985
1225
1002
1225
1003
1225
1004
1225
896
1226
897
1226
898
1226
938
1226
939
1226
940
1226
983
1226
984
1226
985
1226
1002
1226
1003
1226
1004
1226
897
1227
898
1227
899
1227
938
1227
939
1227
940
1227
941
1227
983
1227
984
1227
985
1227
1003
1227
1004
1227
1005
1227
897
1228
898
1228
899
1228
939
1228
940
1228
941
1228
984
1228
985
1228
986
1228
1003
1228
1004
1228
1005
1228
898
1229
899
1229
900
1229
939
1229
940
1229
941
1229
984
1229
985
1229
986
1229
1003
1229
1004
1229
1005
1229
898
1230
899
1230
900
1230
940
1230
941
1230
942
1230
984
1230
985
1230
986
1230
987
1230
988
1230
1004
1230
1005
1230
1006
1230
899
1231
900
1231
901
1231
940
1231
941
1231
942
1231
985
1231
986
1231
987
1231
988
1231
1004
1231
1005
1231
1006
1231
899
1232
900
1232
901
1232
941
1232
942
1232
943
1232
986
1232
987
1232
988
1232
989
1232
1004
1232
1005
1232
1006
1232
900
1233
901
1233
902
1233
941
1233
942
1233
943
1233
987
1233
988
1233
989
1233
990
1233
1005
1233
1006
1233
1007
1233
900
1234
901
1234
902
1234
941
1234
942
1234
943
1234
944
1234
988
1234
989
1234
990
1234
991
1234
1005
1234
1006
1234
1007
1234
901
1235
902
1235
903
1235
942
1235
943
1235
944
1235
989
1235
990
1235
991
1235
1005
1235
1006
1235
1007
1235
901
1236
902
1236
903
1236
942
1236
943
1236
944
1236
945
1236
989
1236
990
1236
991
1236
992
1236
1003
1236
1004
1236
1005
1236
1006
1236
1007
1236
1008
1236
902
1237
903
1237
904
1237
943
1237
944
1237
945
1237
990
1237
991
1237
992
1237
993
1237
1000
1237
1001
1237
1002
1237
1003
1237
1004
1237
1005
1237
1006
1237
1007
1237
1008
1237
902
1238
903
1238
904
1238
943
1238
944
1238
945
1238
991
1238
992
1238
993
1238
994
1238
997
1238
998
1238
999
1238
1000
1238
1001
1238
1002
1238
1003
1238
1004
1238
1005
1238
1006
1238
1007
1238
1008
1238
903
1239
904
1239
905
1239
944
1239
945
1239
946
1239
992
1239
993
1239
994
1239
995
1239
996
1239
997
1239
998
1239
999
1239
1000
1239
1001
1239
1002
1239
1006
1239
1007
1239
1008
1239
903
1240
904
1240
905
1240
944
1240
945
1240
946
1240
992
1240
993
1240
994
1240
995
1240
996
1240
997
1240
998
1240
999
1240
1007
1240
1008
1240
1009
1240
904
1241
905
1241
906
1241
945
1241
946
1241
947
1241
990
1241
991
1241
992
1241
993
1241
994
1241
995
1241
996
1241
1007
1241
1008
1241
1009
1241
904
1242
905
1242
906
1242
945
1242
946
1242
947
1242
989
1242
990
1242
991
1242
992
1242
993
1242
1007
1242
1008
1242
1009
1242
905
1243
906
1243
907
1243
945
1243
946
1243
947
1243
948
1243
988
1243
989
1243
990
1243
991
1243
992
1243
1008
1243
1009
1243
1010
1243
905
1244
906
1244
907
1244
908
1244
946
1244
947
1244
948
1244
986
1244
987
1244
988
1244
989
1244
990
1244
1008
1244
1009
1244
1010
1244
906
1245
907
1245
908
1245
946
1245
947
1245
948
1245
985
1245
986
1245
987
1245
988
1245
989
1245
1008
1245
1009
1245
1010
1245
906
1246
907
1246
908
1246
909
1246
947
1246
948
1246
949
1246
984
1246
985
1246
986
1246
987
1246
988
1246
1009
1246
1010
1246
1011
1246
907
1247
908
1247
909
1247
947
1247
948
1247
949
1247
982
1247
983
1247
984
1247
985
1247
986
1247
1009
1247
1010
1247
1011
1247
907
1248
908
1248
909
1248
910
1248
948
1248
949
1248
950
1248
981
1248
982
1248
983
1248
984
1248
985
1248
1009
1248
1010
1248
1011
1248
908
1249
909
1249
910
1249
948
1249
949
1249
950
1249
951
1249
980
1249
981
1249
982
1249
983
1249
984
1249
1009
1249
1010
1249
1011
1249
1012
1249
908
1250
909
1250
910
1250
911
1250
948
1250
949
1250
950
1250
951
1250
979
1250
980
1250
981
1250
982
1250
983
1250
1010
1250
1011
1250
1012
1250
909
1251
910
1251
911
1251
949
1251
950
1251
951
1251
952
1251
977
1251
978
1251
979
1251
980
1251
981
1251
1010
1251
1011
1251
1012
1251
909
1252
910
1252
911
1252
912
1252
950
1252
951
1252
952
1252
953
1252
976
1252
977
1252
978
1252
979
1252
980
1252
1010
1252
1011
1252
1012
1252
910
1253
911
1253
912
1253
951
1253
952
1253
953
1253
954
1253
975
1253
976
1253
977
1253
978
1253
979
1253
1011
1253
1012
1253
1013
1253
910
1254
911
1254
912
1254
913
1254
952
1254
953
1254
954
1254
973
1254
974
1254
975
1254
976
1254
977
1254
1011
1254
1012
1254
1013
1254
911
1255
912
1255
913
1255
952
1255
953
1255
954
1255
955
1255
972
1255
973
1255
974
1255
975
1255
976
1255
1011
1255
1012
1255
1013
1255
911
1256
912
1256
913
1256
914
1256
953
1256
954
1256
955
1256
956
1256
971
1256
972
1256
973
1256
974
1256
975
1256
1012
1256
1013
1256
1014
1256
912
1257
913
1257
914
1257
954
1257
955
1257
956
1257
957
1257
969
1257
970
1257
971
1257
972
1257
973
1257
1012
1257
1013
1257
1014
1257
912
1258
913
1258
914
1258
915
1258
954
1258
955
1258
956
1258
957
1258
968
1258
969
1258
970
1258
971
1258
972
1258
1012
1258
1013
1258
1014
1258
913
1259
914
1259
915
1259
955
1259
956
1259
957
1259
958
1259
967
1259
968
1259
969
1259
970
1259
971
1259
1013
1259
1014
1259
1015
1259
913
1260
914
1260
915
1260
916
1260
956
1260
957
1260
958
1260
959
1260
965
1260
966
1260
967
1260
968
1260
969
1260
1013
1260
1014
1260
1015
1260
914
1261
915
1261
916
1261
957
1261
958
1261
959
1261
964
1261
965
1261
966
1261
967
1261
968
1261
1013
1261
1014
1261
1015
1261
914
1262
915
1262
916
1262
917
1262
957
1262
958
1262
959
1262
960
1262
963
1262
964
1262
965
1262
966
1262
967
1262
1013
1262
1014
1262
1015
1262
1016
1262
915
1263
916
1263
917
1263
958
1263
959
1263
960
1263
961
1263
962
1263
963
1263
964
1263
965
1263
1014
1263
1015
1263
1016
1263
915
1264
916
1264
917
1264
918
1264
959
1264
960
1264
961
1264
962
1264
963
1264
964
1264
1014
1264
1015
1264
1016
1264
916
1265
917
1265
918
1265
959
1265
960
1265
961
1265
962
1265
963
1265
1014
1265
1015
1265
1016
1265
1017
1265
916
1266
917
1266
918
1266
919
1266
957
1266
958
1266
959
1266
960
1266
961
1266
962
1266
1015
1266
1016
1266
1017
1266
917
1267
918
1267
919
1267
956
1267
957
1267
958
1267
959
1267
960
1267
1015
1267
1016
1267
1017
1267
917
1268
918
1268
919
1268
920
1268
955
1268
956
1268
957
1268
958
1268
959
1268
1015
1268
1016
1268
1017
1268
1018
1268
918
1269
919
1269
920
1269
953
1269
954
1269
955
1269
956
1269
957
1269
1016
1269
1017
1269
1018
1269
918
1270
919
1270
920
1270
921
1270
952
1270
953
1270
954
1270
955
1270
956
1270
1016
1270
1017
1270
1018
1270
1019
1270
919
1271
920
1271
921
1271
951
1271
952
1271
953
1271
954
1271
955
1271
1017
1271
1018
1271
1019
1271
1020
1271
919
1272
920
1272
921
1272
922
1272
949
1272
950
1272
951
1272
952
1272
953
1272
954
1272
1018
1272
1019
1272
1020
1272
1021
1272
920
1273
921
1273
922
1273
948
1273
949
1273
950
1273
951
1273
952
1273
1019
1273
1020
1273
1021
1273
920
1274
921
1274
922
1274
923
1274
947
1274
948
1274
949
1274
950
1274
951
1274
1019
1274
1020
1274
1021
1274
1022
1274
921
1275
922
1275
923
1275
946
1275
947
1275
948
1275
949
1275
950
1275
1020
1275
1021
1275
1022
1275
1023
1275
921
1276
922
1276
923
1276
924
1276
944
1276
945
1276
946
1276
947
1276
948
1276
1021
1276
1022
1276
1023
1276
1024
1276
922
1277
923
1277
924
1277
943
1277
944
1277
945
1277
946
1277
947
1277
1022
1277
1023
1277
1024
1277
922
1278
923
1278
924
1278
925
1278
942
1278
943
1278
944
1278
945
1278
946
1278
1022
1278
1023
1278
1024
1278
1025
1278
923
1279
924
1279
925
1279
940
1279
941
1279
942
1279
943
1279
944
1279
1023
1279
1024
1279
1025
1279
1026
1279
923
1280
924
1280
925
1280
926
1280
939
1280
940
1280
941
1280
942
1280
943
1280
1024
1280
1025
1280
1026
1280
1027
1280
924
1281
925
1281
926
1281
938
1281
939
1281
940
1281
941
1281
942
1281
1025
1281
1026
1281
1027
1281
925
1282
926
1282
927
1282
936
1282
937
1282
938
1282
939
1282
940
1282
1025
1282
1026
1282
1027
1282
1028
1282
925
1283
926
1283
927
1283
935
1283
936
1283
937
1283
938
1283
939
1283
1026
1283
1027
1283
1028
1283
1029
1283
926
1284
927
1284
928
1284
934
1284
935
1284
936
1284
937
1284
938
1284
1027
1284
1028
1284
1029
1284
1030
1284
926
1285
927
1285
928
1285
932
1285
933
1285
934
1285
935
1285
936
1285
1027
1285
1028
1285
1029
1285
1030
1285
927
1286
928
1286
929
1286
931
1286
932
1286
933
1286
934
1286
935
1286
1028
1286
1029
1286
1030
1286
1031
1286
927
1287
928
1287
929
1287
930
1287
931
1287
932
1287
933
1287
934
1287
1029
1287
1030
1287
1031
1287
1032
1287
928
1288
929
1288
930
1288
931
1288
932
1288
1030
1288
1031
1288
1032
1288
928
1289
929
1289
930
1289
931
1289
1030
1289
1031
1289
1032
1289
1033
1289
928
1290
929
1290
930
1290
931
1290
1031
1290
1032
1290
1033
1290
1034
1290
929
1291
930
1291
931
1291
1032
1291
1033
1291
1034
1291
1035
1291
930
1292
931
1292
932
1292
1033
1292
1034
1292
1035
1292
930
1293
931
1293
932
1293
1033
1293
1034
1293
1035
1293
1036
1293
931
1294
932
1294
933
1294
1034
1294
1035
1294
1036
1294
1037
1294
931
1295
932
1295
933
1295
1035
1295
1036
1295
1037
1295
1038
1295
932
1296
933
1296
934
1296
1036
1296
1037
1296
1038
1296
932
1297
933
1297
934
1297
1036
1297
1037
1297
1038
1297
1039
1297
933
1298
934
1298
935
1298
1037
1298
1038
1298
1039
1298
1040
1298
933
1299
934
1299
935
1299
936
1299
1037
1299
1038
1299
1039
1299
1040
1299
1041
1299
934
1300
935
1300
936
1300
1035
1300
1036
1300
1037
1300
1038
1300
1039
1300
1040
1300
1041
1300
934
1301
935
1301
936
1301
937
1301
1033
1301
1034
1301
1035
1301
1036
1301
1037
1301
1038
1301
1039
1301
1040
1301
1041
1301
1042
1301
935
1302
936
1302
937
1302
1032
1302
1033
1302
1034
1302
1035
1302
1036
1302
1037
1302
1040
1302
1041
1302
1042
1302
1043
1302
935
1303
936
1303
937
1303
938
1303
1030
1303
1031
1303
1032
1303
1033
1303
1034
1303
1035
1303
1041
1303
1042
1303
1043
1303
1044
1303
936
1304
937
1304
938
1304
1029
1304
1030
1304
1031
1304
1032
1304
1033
1304
1042
1304
1043
1304
1044
1304
936
1305
937
1305
938
1305
939
1305
1027
1305
1028
1305
1029
1305
1030
1305
1031
1305
1032
1305
1042
1305
1043
1305
1044
1305
1045
1305
937
1306
938
1306
939
1306
1025
1306
1026
1306
1027
1306
1028
1306
1029
1306
1030
1306
1043
1306
1044
1306
1045
1306
1046
1306
937
1307
938
1307
939
1307
940
1307
1024
1307
1025
1307
1026
1307
1027
1307
1028
1307
1044
1307
1045
1307
1046
1307
1047
1307
938
1308
939
1308
940
1308
1022
1308
1023
1308
1024
1308
1025
1308
1026
1308
1027
1308
1045
1308
1046
1308
1047
1308
938
1309
939
1309
940
1309
941
1309
1020
1309
1021
1309
1022
1309
1023
1309
1024
1309
1025
1309
1045
1309
1046
1309
1047
1309
1048
1309
939
1310
940
1310
941
1310
1019
1310
1020
1310
1021
1310
1022
1310
1023
1310
1046
1310
1047
1310
1048
1310
1049
1310
939
1311
940
1311
941
1311
942
1311
1017
1311
1018
1311
1019
1311
1020
1311
1021
1311
1022
1311
1047
1311
1048
1311
1049
1311
1050
1311
940
1312
941
1312
942
1312
1015
1312
1016
1312
1017
1312
1018
1312
1019
1312
1020
1312
1048
1312
1049
1312
1050
1312
940
1313
941
1313
942
1313
943
1313
1014
1313
1015
1313
1016
1313
1017
1313
1018
1313
1019
1313
1048
1313
1049
1313
1050
1313
1051
1313
941
1314
942
1314
943
1314
1012
1314
1013
1314
1014
1314
1015
1314
1016
1314
1017
1314
1049
1314
1050
1314
1051
1314
1052
1314
941
1315
942
1315
943
1315
944
1315
1011
1315
1012
1315
1013
1315
1014
1315
1015
1315
1050
1315
1051
1315
1052
1315
1053
1315
942
1316
943
1316
944
1316
1009
1316
1010
1316
1011
1316
1012
1316
1013
1316
1014
1316
1050
1316
1051
1316
1052
1316
1053
1316
942
1317
943
1317
944
1317
945
1317
1007
1317
1008
1317
1009
1317
1010
1317
1011
1317
1012
1317
1051
1317
1052
1317
1053
1317
1054
1317
943
1318
944
1318
945
1318
1006
1318
1007
1318
1008
1318
1009
1318
1010
1318
1052
1318
1053
1318
1054
1318
1055
1318
943
1319
944
1319
945
1319
946
1319
1004
1319
1005
1319
1006
1319
1007
1319
1008
1319
1009
1319
1053
1319
1054
1319
1055
1319
944
1320
945
1320
946
1320
1002
1320
1003
1320
1004
1320
1005
1320
1006
1320
1007
1320
1053
1320
1054
1320
1055
1320
1056
1320
944
1321
945
1321
946
1321
947
1321
1001
1321
1002
1321
1003
1321
1004
1321
1005
1321
1006
1321
1054
1321
1055
1321
1056
1321
1057
1321
945
1322
946
1322
947
1322
999
1322
1000
1322
1001
1322
1002
1322
1003
1322
1004
1322
1055
1322
1056
1322
1057
1322
1058
1322
945
1323
946
1323
947
1323
948
1323
998
1323
999
1323
1000
1323
1001
1323
1002
1323
1056
1323
1057
1323
1058
1323
946
1324
947
1324
948
1324
996
1324
997
1324
998
1324
999
1324
1000
1324
1001
1324
1056
1324
1057
1324
1058
1324
1059
1324
946
1325
947
1325
948
1325
949
1325
994
1325
995
1325
996
1325
997
1325
998
1325
999
1325
1057
1325
1058
1325
1059
1325
1060
1325
947
1326
948
1326
949
1326
993
1326
994
1326
995
1326
996
1326
997
1326
1058
1326
1059
1326
1060
1326
1061
1326
947
1327
948
1327
949
1327
950
1327
991
1327
992
1327
993
1327
994
1327
995
1327
996
1327
1059
1327
1060
1327
1061
1327
948
1328
949
1328
950
1328
989
1328
990
1328
991
1328
992
1328
993
1328
994
1328
1059
1328
1060
1328
1061
1328
1062
1328
948
1329
949
1329
950
1329
951
1329
988
1329
989
1329
990
1329
991
1329
992
1329
1060
1329
1061
1329
1062
1329
1063
1329
949
1330
950
1330
951
1330
986
1330
987
1330
988
1330
989
1330
990
1330
991
1330
1061
1330
1062
1330
1063
1330
1064
1330
949
1331
950
1331
951
1331
952
1331
984
1331
985
1331
986
1331
987
1331
988
1331
989
1331
1062
1331
1063
1331
1064
1331
950
1332
951
1332
952
1332
983
1332
984
1332
985
1332
986
1332
987
1332
988
1332
1062
1332
1063
1332
1064
1332
1065
1332
950
1333
951
1333
952
1333
953
1333
981
1333
982
1333
983
1333
984
1333
985
1333
986
1333
1063
1333
1064
1333
1065
1333
1066
1333
951
1334
952
1334
953
1334
980
1334
981
1334
982
1334
983
1334
984
1334
1064
1334
1065
1334
1066
1334
1067
1334
951
1335
952
1335
953
1335
954
1335
978
1335
979
1335
980
1335
981
1335
982
1335
983
1335
1065
1335
1066
1335
1067
1335
952
1336
953
1336
954
1336
976
1336
977
1336
978
1336
979
1336
980
1336
981
1336
1065
1336
1066
1336
1067
1336
1068
1336
952
1337
953
1337
954
1337
955
1337
975
1337
976
1337
977
1337
978
1337
979
1337
1066
1337
1067
1337
1068
1337
1069
1337
953
1338
954
1338
955
1338
973
1338
974
1338
975
1338
976
1338
977
1338
978
1338
1067
1338
1068
1338
1069
1338
1070
1338
954
1339
955
1339
956
1339
971
1339
972
1339
973
1339
974
1339
975
1339
976
1339
1068
1339
1069
1339
1070
1339
954
1340
955
1340
956
1340
970
1340
971
1340
972
1340
973
1340
974
1340
975
1340
1068
1340
1069
1340
1070
1340
1071
1340
955
1341
956
1341
957
1341
968
1341
969
1341
970
1341
971
1341
972
1341
973
1341
1069
1341
1070
1341
1071
1341
1072
1341
955
1342
956
1342
957
1342
967
1342
968
1342
969
1342
970
1342
971
1342
1070
1342
1071
1342
1072
1342
1073
1342
956
1343
957
1343
958
1343
965
1343
966
1343
967
1343
968
1343
969
1343
970
1343
1071
1343
1072
1343
1073
1343
956
1344
957
1344
958
1344
963
1344
964
1344
965
1344
966
1344
967
1344
968
1344
1071
1344
1072
1344
1073
1344
1074
1344
957
1345
958
1345
959
1345
962
1345
963
1345
964
1345
965
1345
966
1345
1072
1345
1073
1345
1074
1345
1075
1345
957
1346
958
1346
959
1346
960
1346
961
1346
962
1346
963
1346
964
1346
965
1346
1073
1346
1074
1346
1075
1346
1076
1346
958
1347
959
1347
960
1347
961
1347
962
1347
963
1347
1073
1347
1074
1347
1075
1347
1076
1347
958
1348
959
1348
960
1348
961
1348
1074
1348
1075
1348
1076
1348
1077
1348
959
1349
960
1349
961
1349
1075
1349
1076
1349
1077
1349
1078
1349
959
1350
960
1350
961
1350
1076
1350
1077
1350
1078
1350
960
1351
961
1351
962
1351
1076
1351
1077
1351
1078
1351
1079
1351
960
1352
961
1352
962
1352
1077
1352
1078
1352
1079
1352
1080
1352
961
1353
962
1353
963
1353
1078
1353
1079
1353
1080
1353
1081
1353
961
1354
962
1354
963
1354
964
1354
1079
1354
1080
1354
1081
1354
962
1355
963
1355
964
1355
1079
1355
1080
1355
1081
1355
1082
1355
962
1356
963
1356
964
1356
965
1356
1080
1356
1081
1356
1082
1356
1083
1356
963
1357
964
1357
965
1357
1081
1357
1082
1357
1083
1357
1084
1357
963
1358
964
1358
965
1358
966
1358
1082
1358
1083
1358
1084
1358
964
1359
965
1359
966
1359
1082
1359
1083
1359
1084
1359
1085
1359
964
1360
965
1360
966
1360
967
1360
1083
1360
1084
1360
1085
1360
1086
1360
965
1361
966
1361
967
1361
1084
1361
1085
1361
1086
1361
1087
1361
965
1362
966
1362
967
1362
968
1362
1084
1362
1085
1362
1086
1362
1087
1362
966
1363
967
1363
968
1363
1083
1363
1084
1363
1085
1363
1086
1363
1087
1363
1088
1363
966
1364
967
1364
968
1364
969
1364
1081
1364
1082
1364
1083
1364
1084
1364
1085
1364
1086
1364
1087
1364
1088
1364
1089
1364
967
1365
968
1365
969
1365
1079
1365
1080
1365
1081
1365
1082
1365
1083
1365
1084
1365
1087
1365
1088
1365
1089
1365
1090
1365
967
1366
968
1366
969
1366
970
1366
1077
1366
1078
1366
1079
1366
1080
1366
1081
1366
1082
1366
1088
1366
1089
1366
1090
1366
968
1367
969
1367
970
1367
1075
1367
1076
1367
1077
1367
1078
1367
1079
1367
1080
1367
1088
1367
1089
1367
1090
1367
1091
1367
968
1368
969
1368
970
1368
971
1368
1074
1368
1075
1368
1076
1368
1077
1368
1078
1368
1079
1368
1089
1368
1090
1368
1091
1368
1092
1368
969
1369
970
1369
971
1369
1072
1369
1073
1369
1074
1369
1075
1369
1076
1369
1077
1369
1090
1369
1091
1369
1092
1369
1093
1369
969
1370
970
1370
971
1370
972
1370
1070
1370
1071
1370
1072
1370
1073
1370
1074
1370
1075
1370
1091
1370
1092
1370
1093
1370
970
1371
971
1371
972
1371
1068
1371
1069
1371
1070
1371
1071
1371
1072
1371
1073
1371
1091
1371
1092
1371
1093
1371
1094
1371
970
1372
971
1372
972
1372
973
1372
1067
1372
1068
1372
1069
1372
1070
1372
1071
1372
1072
1372
1092
1372
1093
1372
1094
1372
1095
1372
971
1373
972
1373
973
1373
1065
1373
1066
1373
1067
1373
1068
1373
1069
1373
1070
1373
1093
1373
1094
1373
1095
1373
1096
1373
971
1374
972
1374
973
1374
974
1374
1063
1374
1064
1374
1065
1374
1066
1374
1067
1374
1068
1374
1094
1374
1095
1374
1096
1374
972
1375
973
1375
974
1375
1061
1375
1062
1375
1063
1375
1064
1375
1065
1375
1066
1375
1094
1375
1095
1375
1096
1375
1097
1375
972
1376
973
1376
974
1376
975
1376
1059
1376
1060
1376
1061
1376
1062
1376
1063
1376
1064
1376
1095
1376
1096
1376
1097
1376
1098
1376
973
1377
974
1377
975
1377
1058
1377
1059
1377
1060
1377
1061
1377
1062
1377
1063
1377
1096
1377
1097
1377
1098
1377
1099
1377
973
1378
974
1378
975
1378
976
1378
1056
1378
1057
1378
1058
1378
1059
1378
1060
1378
1061
1378
1096
1378
1097
1378
1098
1378
1099
1378
974
1379
975
1379
976
1379
1054
1379
1055
1379
1056
1379
1057
1379
1058
1379
1059
1379
1097
1379
1098
1379
1099
1379
1100
1379
974
1380
975
1380
976
1380
977
1380
1052
1380
1053
1380
1054
1380
1055
1380
1056
1380
1057
1380
1098
1380
1099
1380
1100
1380
1101
1380
975
1381
976
1381
977
1381
1050
1381
1051
1381
1052
1381
1053
1381
1054
1381
1055
1381
1099
1381
1100
1381
1101
1381
975
1382
976
1382
977
1382
978
1382
1049
1382
1050
1382
1051
1382
1052
1382
1053
1382
1054
1382
1099
1382
1100
1382
1101
1382
1102
1382
976
1383
977
1383
978
1383
1047
1383
1048
1383
1049
1383
1050
1383
1051
1383
1052
1383
1100
1383
1101
1383
1102
1383
1103
1383
976
1384
977
1384
978
1384
979
1384
1045
1384
1046
1384
1047
1384
1048
1384
1049
1384
1050
1384
1101
1384
1102
1384
1103
1384
1104
1384
977
1385
978
1385
979
1385
1043
1385
1044
1385
1045
1385
1046
1385
1047
1385
1048
1385
1102
1385
1103
1385
1104
1385
977
1386
978
1386
979
1386
980
1386
1042
1386
1043
1386
1044
1386
1045
1386
1046
1386
1047
1386
1102
1386
1103
1386
1104
1386
1105
1386
978
1387
979
1387
980
1387
1040
1387
1041
1387
1042
1387
1043
1387
1044
1387
1045
1387
1103
1387
1104
1387
1105
1387
1106
1387
978
1388
979
1388
980
1388
981
1388
1038
1388
1039
1388
1040
1388
1041
1388
1042
1388
1043
1388
1104
1388
1105
1388
1106
1388
1107
1388
979
1389
980
1389
981
1389
1036
1389
1037
1389
1038
1389
1039
1389
1040
1389
1041
1389
1105
1389
1106
1389
1107
1389
979
1390
980
1390
981
1390
982
1390
1034
1390
1035
1390
1036
1390
1037
1390
1038
1390
1039
1390
1105
1390
1106
1390
1107
1390
1108
1390
980
1391
981
1391
982
1391
1033
1391
1034
1391
1035
1391
1036
1391
1037
1391
1038
1391
1106
1391
1107
1391
1108
1391
1109
1391
980
1392
981
1392
982
1392
983
1392
1031
1392
1032
1392
1033
1392
1034
1392
1035
1392
1036
1392
1107
1392
1108
1392
1109
1392
1110
1392
981
1393
982
1393
983
1393
1029
1393
1030
1393
1031
1393
1032
1393
1033
1393
1034
1393
1108
1393
1109
1393
1110
1393
982
1394
983
1394
984
1394
1027
1394
1028
1394
1029
1394
1030
1394
1031
1394
1032
1394
1108
1394
1109
1394
1110
1394
1111
1394
982
1395
983
1395
984
1395
1025
1395
1026
1395
1027
1395
1028
1395
1029
1395
1030
1395
1109
1395
1110
1395
1111
1395
1112
1395
983
1396
984
1396
985
1396
1024
1396
1025
1396
1026
1396
1027
1396
1028
1396
1029
1396
1110
1396
1111
1396
1112
1396
1113
1396
983
1397
984
1397
985
1397
1022
1397
1023
1397
1024
1397
1025
1397
1026
1397
1027
1397
1111
1397
1112
1397
1113
1397
984
1398
985
1398
986
1398
1020
1398
1021
1398
1022
1398
1023
1398
1024
1398
1025
1398
1111
1398
1112
1398
1113
1398
1114
1398
984
1399
985
1399
986
1399
1018
1399
1019
1399
1020
1399
1021
1399
1022
1399
1023
1399
1112
1399
1113
1399
1114
1399
1115
1399
985
1400
986
1400
987
1400
1017
1400
1018
1400
1019
1400
1020
1400
1021
1400
1022
1400
1113
1400
1114
1400
1115
1400
1116
1400
985
1401
986
1401
987
1401
1015
1401
1016
1401
1017
1401
1018
1401
1019
1401
1020
1401
1114
1401
1115
1401
1116
1401
986
1402
987
1402
988
1402
1013
1402
1014
1402
1015
1402
1016
1402
1017
1402
1018
1402
1114
1402
1115
1402
1116
1402
1117
1402
986
1403
987
1403
988
1403
1011
1403
1012
1403
1013
1403
1014
1403
1015
1403
1016
1403
1115
1403
1116
1403
1117
1403
1118
1403
987
1404
988
1404
989
1404
1009
1404
1010
1404
1011
1404
1012
1404
1013
1404
1014
1404
1116
1404
1117
1404
1118
1404
1119
1404
987
1405
988
1405
989
1405
1008
1405
1009
1405
1010
1405
1011
1405
1012
1405
1013
1405
1116
1405
1117
1405
1118
1405
1119
1405
988
1406
989
1406
990
1406
1006
1406
1007
1406
1008
1406
1009
1406
1010
1406
1011
1406
1117
1406
1118
1406
1119
1406
1120
1406
988
1407
989
1407
990
1407
1004
1407
1005
1407
1006
1407
1007
1407
1008
1407
1009
1407
1118
1407
1119
1407
1120
1407
1121
1407
989
1408
990
1408
991
1408
1002
1408
1003
1408
1004
1408
1005
1408
1006
1408
1007
1408
1119
1408
1120
1408
1121
1408
1122
1408
989
1409
990
1409
991
1409
1001
1409
1002
1409
1003
1409
1004
1409
1005
1409
1006
1409
1119
1409
1120
1409
1121
1409
1122
1409
990
1410
991
1410
992
1410
999
1410
1000
1410
1001
1410
1002
1410
1003
1410
1004
1410
1120
1410
1121
1410
1122
1410
1123
1410
990
1411
991
1411
992
1411
993
1411
997
1411
998
1411
999
1411
1000
1411
1001
1411
1002
1411
1121
1411
1122
1411
1123
1411
1124
1411
991
1412
992
1412
993
1412
995
1412
996
1412
997
1412
998
1412
999
1412
1000
1412
1122
1412
1123
1412
1124
1412
991
1413
992
1413
993
1413
994
1413
995
1413
996
1413
997
1413
998
1413
1122
1413
1123
1413
1124
1413
1125
1413
992
1414
993
1414
994
1414
995
1414
996
1414
997
1414
1123
1414
1124
1414
1125
1414
1126
1414
992
1415
993
1415
994
1415
995
1415
1124
1415
1125
1415
1126
1415
1127
1415
993
1416
994
1416
995
1416
1125
1416
1126
1416
1127
1416
993
1417
994
1417
995
1417
996
1417
1125
1417
1126
1417
1127
1417
1128
1417
994
1418
995
1418
996
1418
1126
1418
1127
1418
1128
1418
1129
1418
994
1419
995
1419
996
1419
997
1419
1127
1419
1128
1419
1129
1419
1130
1419
995
1420
996
1420
997
1420
1128
1420
1129
1420
1130
1420
995
1421
996
1421
997
1421
998
1421
1128
1421
1129
1421
1130
1421
1131
1421
996
1422
997
1422
998
1422
1129
1422
1130
1422
1131
1422
1132
1422
996
1423
997
1423
998
1423
999
1423
1130
1423
1131
1423
1132
1423
1133
1423
997
1424
998
1424
999
1424
1131
1424
1132
1424
1133
1424
997
1425
998
1425
999
1425
1000
1425
1131
1425
1132
1425
1133
1425
1134
1425
998
1426
999
1426
1000
1426
1132
1426
1133
1426
1134
1426
1135
1426
998
1427
999
1427
1000
1427
1001
1427
1133
1427
1134
1427
1135
1427
1136
1427
999
1428
1000
1428
1001
1428
1134
1428
1135
1428
1136
1428
999
1429
1000
1429
1001
1429
1002
1429
1134
1429
1135
1429
1136
1429
1137
1429
1000
1430
1001
1430
1002
1430
1135
1430
1136
1430
1137
1430
1138
1430
1000
1431
1001
1431
1002
1431
1003
1431
1136
1431
1137
1431
1138
1431
1139
1431
1001
1432
1002
1432
1003
1432
1137
1432
1138
1432
1139
1432
1001
1433
1002
1433
1003
1433
1004
1433
1137
1433
1138
1433
1139
1433
1140
1433
1002
1434
1003
1434
1004
1434
1138
1434
1139
1434
1140
1434
1141
1434
1002
1435
1003
1435
1004
1435
1005
1435
1139
1435
1140
1435
1141
1435
1142
1435
1003
1436
1004
1436
1005
1436
1139
1436
1140
1436
1141
1436
1142
1436
1003
1437
1004
1437
1005
1437
1006
1437
1140
1437
1141
1437
1142
1437
1143
1437
1004
1438
1005
1438
1006
1438
1141
1438
1142
1438
1143
1438
1144
1438
1004
1439
1005
1439
1006
1439
1007
1439
1142
1439
1143
1439
1144
1439
1005
1440
1006
1440
1007
1440
1142
1440
1143
1440
1144
1440
1145
1440
1005
1441
1006
1441
1007
1441
1008
1441
1143
1441
1144
1441
1145
1441
1146
1441
1006
1442
1007
1442
1008
1442
1144
1442
1145
1442
1146
1442
1147
1442
1006
1443
1007
1443
1008
1443
1009
1443
1145
1443
1146
1443
1147
1443
1007
1444
1008
1444
1009
1444
1145
1444
1146
1444
1147
1444
1148
1444
1007
1445
1008
1445
1009
1445
1010
1445
1146
1445
1147
1445
1148
1445
1149
1445
1008
1446
1009
1446
1010
1446
1147
1446
1148
1446
1149
1446
1150
1446
1008
1447
1009
1447
1010
1447
1011
1447
1148
1447
1149
1447
1150
1447
1009
1448
1010
1448
1011
1448
1148
1448
1149
1448
1150
1448
1151
1448
1010
1449
1011
1449
1012
1449
1149
1449
1150
1449
1151
1449
1152
1449
1010
1450
1011
1450
1012
1450
1150
1450
1151
1450
1152
1450
1153
1450
1011
1451
1012
1451
1013
1451
1151
1451
1152
1451
1153
1451
1011
1452
1012
1452
1013
1452
1151
1452
1152
1452
1153
1452
1012
1453
1013
1453
1014
1453
1151
1453
1152
1453
1153
1453
1012
1454
1013
1454
1014
1454
1151
1454
1152
1454
1153
1454
1013
1455
1014
1455
1015
1455
1150
1455
1151
1455
1152
1455
1013
1456
1014
1456
1015
1456
1150
1456
1151
1456
1152
1456
1014
1457
1015
1457
1016
1457
1150
1457
1151
1457
1152
1457
1014
1458
1015
1458
1016
1458
1150
1458
1151
1458
1152
1458
1015
1459
1016
1459
1017
1459
1150
1459
1151
1459
1152
1459
1015
1460
1016
1460
1017
1460
1150
1460
1151
1460
1152
1460
1016
1461
1017
1461
1018
1461
1149
1461
1150
1461
1151
1461
1016
1462
1017
1462
1018
1462
1149
1462
1150
1462
1151
1462
1017
1463
1018
1463
1019
1463
1148
1463
1149
1463
1150
1463
1151
1463
1017
1464
1018
1464
1019
1464
1147
1464
1148
1464
1149
1464
1150
1464
1151
1464
1018
1465
1019
1465
1020
1465
1146
1465
1147
1465
1148
1465
1149
1465
1150
1465
1018
1466
1019
1466
1020
1466
1021
1466
1145
1466
1146
1466
1147
1466
1148
1466
1149
1466
1019
1467
1020
1467
1021
1467
1144
1467
1145
1467
1146
1467
1147
1467
1019
1468
1020
1468
1021
1468
1022
1468
1143
1468
1144
1468
1145
1468
1146
1468
1020
1469
1021
1469
1022
1469
1142
1469
1143
1469
1144
1469
1145
1469
1020
1470
1021
1470
1022
1470
1023
1470
1140
1470
1141
1470
1142
1470
1143
1470
1144
1470
1021
1471
1022
1471
1023
1471
1139
1471
1140
1471
1141
1471
1142
1471
1143
1471
1021
1472
1022
1472
1023
1472
1024
1472
1138
1472
1139
1472
1140
1472
1141
1472
1142
1472
1022
1473
1023
1473
1024
1473
1137
1473
1138
1473
1139
1473
1140
1473
1141
1473
1022
1474
1023
1474
1024
1474
1025
1474
1136
1474
1137
1474
1138
1474
1139
1474
1023
1475
1024
1475
1025
1475
1135
1475
1136
1475
1137
1475
1138
1475
1023
1476
1024
1476
1025
1476
1026
1476
1134
1476
1135
1476
1136
1476
1137
1476
1024
1477
1025
1477
1026
1477
1133
1477
1134
1477
1135
1477
1136
1477
1024
1478
1025
1478
1026
1478
1027
1478
1131
1478
1132
1478
1133
1478
1134
1478
1135
1478
1025
1479
1026
1479
1027
1479
1130
1479
1131
1479
1132
1479
1133
1479
1134
1479
1025
1480
1026
1480
1027
1480
1028
1480
1129
1480
1130
1480
1131
1480
1132
1480
1133
1480
1026
1481
1027
1481
1028
1481
1128
1481
1129
1481
1130
1481
1131
1481
1132
1481
1026
1482
1027
1482
1028
1482
1029
1482
1127
1482
1128
1482
1129
1482
1130
1482
1027
1483
1028
1483
1029
1483
1126
1483
1127
1483
1128
1483
1129
1483
1027
1484
1028
1484
1029
1484
1030
1484
1125
1484
1126
1484
1127
1484
1128
1484
1028
1485
1029
1485
1030
1485
1124
1485
1125
1485
1126
1485
1127
1485
1028
1486
1029
1486
1030
1486
1031
1486
1122
1486
1123
1486
1124
1486
1125
1486
1126
1486
1029
1487
1030
1487
1031
1487
1121
1487
1122
1487
1123
1487
1124
1487
1125
1487
1029
1488
1030
1488
1031
1488
1032
1488
1120
1488
1121
1488
1122
1488
1123
1488
1124
1488
1030
1489
1031
1489
1032
1489
1119
1489
1120
1489
1121
1489
1122
1489
1030
1490
1031
1490
1032
1490
1033
1490
1118
1490
1119
1490
1120
1490
1121
1490
1031
1491
1032
1491
1033
1491
1117
1491
1118
1491
1119
1491
1120
1491
1031
1492
1032
1492
1033
1492
1034
1492
1116
1492
1117
1492
1118
1492
1119
1492
1032
1493
1033
1493
1034
1493
1114
1493
1115
1493
1116
1493
1117
1493
1118
1493
1032
1494
1033
1494
1034
1494
1035
1494
1113
1494
1114
1494
1115
1494
1116
1494
1117
1494
1033
1495
1034
1495
1035
1495
1112
1495
1113
1495
1114
1495
1115
1495
1116
1495
1033
1496
1034
1496
1035
1496
1036
1496
1111
1496
1112
1496
1113
1496
1114
1496
1115
1496
1034
1497
1035
1497
1036
1497
1110
1497
1111
1497
1112
1497
1113
1497
1034
1498
1035
1498
1036
1498
1037
1498
1109
1498
1110
1498
1111
1498
1112
1498
1035
1499
1036
1499
1037
1499
1108
1499
1109
1499
1110
1499
1111
1499
1035
1500
1036
1500
1037
1500
1038
1500
1107
1500
1108
1500
1109
1500
1110
1500
1036
1501
1037
1501
1038
1501
1105
1501
1106
1501
1107
1501
1108
1501
1109
1501
1036
1502
1037
1502
1038
1502
1039
1502
1104
1502
1105
1502
1106
1502
1107
1502
1108
1502
1037
1503
1038
1503
1039
1503
1103
1503
1104
1503
1105
1503
1106
1503
1107
1503
1037
1504
1038
1504
1039
1504
1040
1504
1102
1504
1103
1504
1104
1504
1105
1504
1038
1505
1039
1505
1040
1505
1101
1505
1102
1505
1103
1505
1104
1505
1039
1506
1040
1506
1041
1506
1100
1506
1101
1506
1102
1506
1103
1506
1039
1507
1040
1507
1041
1507
1099
1507
1100
1507
1101
1507
1102
1507
1040
1508
1041
1508
1042
1508
1097
1508
1098
1508
1099
1508
1100
1508
1101
1508
1040
1509
1041
1509
1042
1509
1096
1509
1097
1509
1098
1509
1099
1509
1100
1509
1041
1510
1042
1510
1043
1510
1095
1510
1096
1510
1097
1510
1098
1510
1099
1510
1041
1511
1042
1511
1043
1511
1094
1511
1095
1511
1096
1511
1097
1511
1098
1511
1042
1512
1043
1512
1044
1512
1093
1512
1094
1512
1095
1512
1096
1512
1042
1513
1043
1513
1044
1513
1092
1513
1093
1513
1094
1513
1095
1513
1043
1514
1044
1514
1045
1514
1091
1514
1092
1514
1093
1514
1094
1514
1043
1515
1044
1515
1045
1515
1090
1515
1091
1515
1092
1515
1093
1515
1044
1516
1045
1516
1046
1516
1088
1516
1089
1516
1090
1516
1091
1516
1092
1516
1044
1517
1045
1517
1046
1517
1087
1517
1088
1517
1089
1517
1090
1517
1091
1517
1045
1518
1046
1518
1047
1518
1086
1518
1087
1518
1088
1518
1089
1518
1090
1518
1045
1519
1046
1519
1047
1519
1085
1519
1086
1519
1087
1519
1088
1519
1089
1519
1046
1520
1047
1520
1048
1520
1084
1520
1085
1520
1086
1520
1087
1520
1046
1521
1047
1521
1048
1521
1049
1521
1083
1521
1084
1521
1085
1521
1086
1521
1047
1522
1048
1522
1049
1522
1082
1522
1083
1522
1084
1522
1085
1522
1047
1523
1048
1523
1049
1523
1050
1523
1080
1523
1081
1523
1082
1523
1083
1523
1084
1523
1048
1524
1049
1524
1050
1524
1079
1524
1080
1524
1081
1524
1082
1524
1083
1524
1048
1525
1049
1525
1050
1525
1051
1525
1078
1525
1079
1525
1080
1525
1081
1525
1082
1525
1049
1526
1050
1526
1051
1526
1077
1526
1078
1526
1079
1526
1080
1526
1081
1526
1049
1527
1050
1527
1051
1527
1052
1527
1076
1527
1077
1527
1078
1527
1079
1527
1050
1528
1051
1528
1052
1528
1075
1528
1076
1528
1077
1528
1078
1528
1050
1529
1051
1529
1052
1529
1053
1529
1074
1529
1075
1529
1076
1529
1077
1529
1051
1530
1052
1530
1053
1530
1073
1530
1074
1530
1075
1530
1076
1530
1051
1531
1052
1531
1053
1531
1054
1531
1071
1531
1072
1531
1073
1531
1074
1531
1075
1531
1052
1532
1053
1532
1054
1532
1070
1532
1071
1532
1072
1532
1073
1532
1074
1532
1052
1533
1053
1533
1054
1533
1055
1533
1069
1533
1070
1533
1071
1533
1072
1533
1073
1533
1053
1534
1054
1534
1055
1534
1068
1534
1069
1534
1070
1534
1071
1534
1072
1534
1053
1535
1054
1535
1055
1535
1056
1535
1067
1535
1068
1535
1069
1535
1070
1535
1054
1536
1055
1536
1056
1536
1066
1536
1067
1536
1068
1536
1069
1536
1054
1537
1055
1537
1056
1537
1057
1537
1065
1537
1066
1537
1067
1537
1068
1537
1055
1538
1056
1538
1057
1538
1064
1538
1065
1538
1066
1538
1067
1538
1055
1539
1056
1539
1057
1539
1058
1539
1062
1539
1063
1539
1064
1539
1065
1539
1066
1539
1056
1540
1057
1540
1058
1540
1061
1540
1062
1540
1063
1540
1064
1540
1065
1540
1056
1541
1057
1541
1058
1541
1059
1541
1060
1541
1061
1541
1062
1541
1063
1541
1064
1541
1057
1542
1058
1542
1059
1542
1060
1542
1061
1542
1062
1542
1058
1543
1059
1543
1060
1543
1061
1543
1057
1544
1058
1544
1059
1544
1060
1544
1056
1545
1057
1545
1058
1545
1059
1545
1054
1546
1055
1546
1056
1546
1057
1546
1058
1546
1053
1547
1054
1547
1055
1547
1056
1547
1057
1547
1052
1548
1053
1548
1054
1548
1055
1548
1056
1548
1051
1549
1052
1549
1053
1549
1054
1549
1055
1549
1050
1550
1051
1550
1052
1550
1053
1550
1049
1551
1050
1551
1051
1551
1052
1551
1048
1552
1049
1552
1050
1552
1051
1552
1047
1553
1048
1553
1049
1553
1050
1553
1045
1554
1046
1554
1047
1554
1048
1554
1049
1554
1044
1555
1045
1555
1046
1555
1047
1555
1048
1555
1043
1556
1044
1556
1045
1556
1046
1556
1047
1556
1042
1557
1043
1557
1044
1557
1045
1557
1041
1558
1042
1558
1043
1558
1044
1558
1040
1559
1041
1559
1042
1559
1043
1559
1039
1560
1040
1560
1041
1560
1042
1560
1037
1561
1038
1561
1039
1561
1040
1561
1041
1561
1036
1562
1037
1562
1038
1562
1039
1562
1040
1562
1035
1563
1036
1563
1037
1563
1038
1563
1039
1563
1034
1564
1035
1564
1036
1564
1037
1564
1038
1564
1033
1565
1034
1565
1035
1565
1036
1565
1032
1566
1033
1566
1034
1566
1035
1566
1031
1567
1032
1567
1033
1567
1034
1567
1030
1568
1031
1568
1032
1568
1033
1568
1029
1569
1030
1569
1031
1569
1032
1569
1028
1570
1029
1570
1030
1570
1031
1570
1028
1571
1029
1571
1030
1571
